     x              y              y-prima
   1.00000000       2.00000000      -2.42882776    
   1.00500000       1.98781979      -2.44323206    
   1.00999999       1.97556770      -2.45758200    
   1.01499999       1.96324408      -2.47187495    
   1.01999998       1.95084906      -2.48610854    
   1.02499998       1.93838310      -2.50028014    
   1.02999997       1.92584646      -2.51438737    
   1.03499997       1.91323936      -2.52842736    
   1.03999996       1.90056229      -2.54239774    
   1.04499996       1.88781548      -2.55629587    
   1.04999995       1.87499940      -2.57011914    
   1.05499995       1.86211443      -2.58386493    
   1.05999994       1.84916091      -2.59753060    
   1.06500006       1.83613932      -2.61111355    
   1.07000005       1.82305002      -2.62461138    
   1.07500005       1.80989337      -2.63802123    
   1.08000004       1.79666996      -2.65134048    
   1.08500004       1.78338015      -2.66456676    
   1.09000003       1.77002442      -2.67769718    
   1.09500003       1.75660336      -2.69072938    
   1.10000002       1.74311733      -2.70366073    
   1.10500002       1.72956693      -2.71648836    
   1.11000001       1.71595263      -2.72920990    
   1.11500001       1.70227504      -2.74182272    
   1.12000000       1.68853462      -2.75432420    
   1.12500000       1.67473197      -2.76671171    
   1.13000000       1.66086769      -2.77898288    
   1.13499999       1.64694238      -2.79113507    
   1.13999999       1.63295662      -2.80316567    
   1.14499998       1.61891103      -2.81507206    
   1.14999998       1.60480618      -2.82685184    
   1.15499997       1.59064269      -2.83850265    
   1.15999997       1.57642138      -2.85002184    
   1.16499996       1.56214273      -2.86140680    
   1.16999996       1.54780757      -2.87265539    
   1.17499995       1.53341651      -2.88376498    
   1.17999995       1.51897025      -2.89473319    
   1.18499994       1.50446951      -2.90555739    
   1.18999994       1.48991501      -2.91623545    
   1.19500005       1.47530746      -2.92676497    
   1.20000005       1.46064758      -2.93714356    
   1.20500004       1.44593620      -2.94736910    
   1.21000004       1.43117416      -2.95743918    
   1.21500003       1.41636217      -2.96735144    
   1.22000003       1.40150094      -2.97710395    
   1.22500002       1.38659143      -2.98669434    
   1.23000002       1.37163436      -2.99612021    
   1.23500001       1.35663056      -3.00537968    
   1.24000001       1.34158087      -3.01447058    
   1.24500000       1.32648611      -3.02339101    
   1.25000000       1.31134725      -3.03213882    
   1.25500000       1.29616499      -3.04071188    
   1.25999999       1.28094041      -3.04910827    
   1.26499999       1.26567423      -3.05732608    
   1.26999998       1.25036740      -3.06536341    
   1.27499998       1.23502088      -3.07321835    
   1.27999997       1.21963549      -3.08088923    
   1.28499997       1.20421231      -3.08837414    
   1.28999996       1.18875217      -3.09567142    
   1.29499996       1.17325592      -3.10277915    
   1.29999995       1.15772462      -3.10969591    
   1.30499995       1.14215922      -3.11642003    
   1.30999994       1.12656069      -3.12294984    
   1.31499994       1.11092997      -3.12928391    
   1.31999993       1.09526813      -3.13542056    
   1.32500005       1.07957613      -3.14135861    
   1.33000004       1.06385493      -3.14709640    
   1.33500004       1.04810548      -3.15263271    
   1.34000003       1.03232884      -3.15796638    
   1.34500003       1.01652610      -3.16309595    
   1.35000002       1.00069821      -3.16802025    
   1.35500002      0.984846234      -3.17273831    
   1.36000001      0.968971193      -3.17724872    
   1.36500001      0.953074098      -3.18155050    
   1.37000000      0.937156022      -3.18564272    
   1.37500000      0.921218038      -3.18952441    
   1.38000000      0.905261159      -3.19319463    
   1.38499999      0.889286458      -3.19665265    
   1.38999999      0.873295009      -3.19989753    
   1.39499998      0.857287884      -3.20292854    
   1.39999998      0.841266096      -3.20574474    
   1.40499997      0.825230777      -3.20834589    
   1.40999997      0.809183002      -3.21073103    
   1.41499996      0.793123841      -3.21289968    
   1.41999996      0.777054369      -3.21485162    
   1.42499995      0.760975659      -3.21658611    
   1.42999995      0.744888842      -3.21810293    
   1.43499994      0.728794992      -3.21940160    
   1.43999994      0.712695181      -3.22048187    
   1.44499993      0.696590543      -3.22134352    
   1.45000005      0.680482149      -3.22198629    
   1.45500004      0.664371073      -3.22241020    
   1.46000004      0.648258448      -3.22261500    
   1.46500003      0.632145345      -3.22260094    
   1.47000003      0.616032839      -3.22236776    
   1.47500002      0.599922061      -3.22191572    
   1.48000002      0.583814085      -3.22124481    
   1.48500001      0.567709982      -3.22035527    
   1.49000001      0.551610887      -3.21924734    
   1.49500000      0.535517871      -3.21792126    
   1.50000000      0.519432008      -3.21637750    
   1.50500000      0.503354430      -3.21461630    
   1.50999999      0.487286210      -3.21263814    
   1.51499999      0.471228421      -3.21044350    
   1.51999998      0.455182135      -3.20803285    
   1.52499998      0.439148456      -3.20540690    
   1.52999997      0.423128426      -3.20256615    
   1.53499997      0.407123148      -3.19951153    
   1.53999996      0.391133666      -3.19624352    
   1.54499996      0.375161052      -3.19276285    
   1.54999995      0.359206378      -3.18907046    
   1.55499995      0.343270689      -3.18516731    
   1.55999994      0.327355057      -3.18105412    
   1.56499994      0.311460495      -3.17673206    
   1.56999993      0.295588076      -3.17220187    
   1.57499993      0.279738814      -3.16746473    
   1.58000004      0.263913751      -3.16252184    
   1.58500004      0.248113930      -3.15737414    
   1.59000003      0.232340351      -3.15202284    
   1.59500003      0.216594040      -3.14646912    
   1.60000002      0.200875998      -3.14071441    
   1.60500002      0.185187235      -3.13475966    
   1.61000001      0.169528738      -3.12860656    
   1.61500001      0.153901502      -3.12225628    
   1.62000000      0.138306499      -3.11571026    
   1.62500000      0.122744717      -3.10896993    
   1.63000000      0.107217118      -3.10203671    
   1.63499999       9.17246640E-02  -3.09491205    
   1.63999999       7.62683079E-02  -3.08759761    
   1.64499998       6.08489998E-02  -3.08009505    
   1.64999998       4.54676710E-02  -3.07240582    
   1.65499997       3.01252510E-02  -3.06453156    
   1.65999997       1.48226619E-02  -3.05647397    
   1.66499996      -4.39184601E-04  -3.04823470    
   1.66999996      -1.56593844E-02  -3.03981566    
   1.67499995      -3.08370423E-02  -3.03121829    
   1.67999995      -4.59712707E-02  -3.02244449    
   1.68499994      -6.10611923E-02  -3.01349616    
   1.68999994      -7.61059374E-02  -3.00437498    
   1.69499993      -9.11046490E-02  -2.99508309    
   1.69999993     -0.106056482      -2.98562217    
   1.70500004     -0.120960593      -2.97599387    
   1.71000004     -0.135816142      -2.96620035    
   1.71500003     -0.150622323      -2.95624352    
   1.72000003     -0.165378317      -2.94612551    
   1.72500002     -0.180083320      -2.93584800    
   1.73000002     -0.194736540      -2.92541313    
   1.73500001     -0.209337190      -2.91482282    
   1.74000001     -0.223884508      -2.90407920    
   1.74500000     -0.238377735      -2.89318419    
   1.75000000     -0.252816111      -2.88213992    
   1.75500000     -0.267198890      -2.87094855    
   1.75999999     -0.281525344      -2.85961199    
   1.76499999     -0.295794755      -2.84813237    
   1.76999998     -0.310006410      -2.83651185    
   1.77499998     -0.324159622      -2.82475257    
   1.77999997     -0.338253707      -2.81285644    
   1.78499997     -0.352287978      -2.80082583    
   1.78999996     -0.366261750      -2.78866267    
   1.79499996     -0.380174398      -2.77636933    
   1.79999995     -0.394025236      -2.76394773    
   1.80499995     -0.407813668      -2.75139999    
   1.80999994     -0.421539038      -2.73872852    
   1.81499994     -0.435200751      -2.72593522    
   1.81999993     -0.448798180      -2.71302223    
   1.82499993     -0.462330759      -2.69999194    
   1.82999992     -0.475797892      -2.68684626    
   1.83500004     -0.489199013      -2.67358756    
   1.84000003     -0.502533555      -2.66021800    
   1.84500003     -0.515801013      -2.64673948    
   1.85000002     -0.529000819      -2.63315439    
   1.85500002     -0.542132437      -2.61946464    
   1.86000001     -0.555195332      -2.60567260    
   1.86500001     -0.568189025      -2.59178042    
   1.87000000     -0.581112981      -2.57779002    
   1.87500000     -0.593966782      -2.56370378    
   1.88000000     -0.606749892      -2.54952359    
   1.88499999     -0.619461894      -2.53525162    
   1.88999999     -0.632102311      -2.52089000    
   1.89499998     -0.644670665      -2.50644088    
   1.89999998     -0.657166541      -2.49190640    
   1.90499997     -0.669589579      -2.47728848    
   1.90999997     -0.681939304      -2.46258926    
   1.91499996     -0.694215357      -2.44781089    
   1.91999996     -0.706417322      -2.43295527    
   1.92499995     -0.718544781      -2.41802454    
   1.92999995     -0.730597436      -2.40302062    
   1.93499994     -0.742574871      -2.38794565    
   1.93999994     -0.754476786      -2.37280154    
   1.94499993     -0.766302764      -2.35759020    
   1.94999993     -0.778052568      -2.34231377    
   1.95499992     -0.789725840      -2.32697392    
   1.96000004     -0.801322222      -2.31157279    
   1.96500003     -0.812841475      -2.29611230    
   1.97000003     -0.824283242      -2.28059435    
   1.97500002     -0.835647285      -2.26502085    
   1.98000002     -0.846933365      -2.24939370    
   1.98500001     -0.858141184      -2.23371482    
   1.99000001     -0.869270444      -2.21798587    
   1.99500000     -0.880320966      -2.20220876    
   2.00000000     -0.891292453      -2.18638515    
   2.00499988     -0.902184725      -2.17051697    
   2.00999999     -0.912997544      -2.15460610    
   2.01499987     -0.923730731      -2.13865399    
   2.01999998     -0.934384048      -2.12266254    
   2.02500010     -0.944957316      -2.10663342    
   2.02999997     -0.955450356      -2.09056854    
   2.03500009     -0.965862989      -2.07446933    
   2.03999996     -0.976195037      -2.05833745    
   2.04500008     -0.986446321      -2.04217458    
   2.04999995     -0.996616721      -2.02598238    
   2.05500007      -1.00670612      -2.00976229    
   2.05999994      -1.01671433      -1.99351597    
   2.06500006      -1.02664125      -1.97724497    
   2.06999993      -1.03648674      -1.96095085    
   2.07500005      -1.04625070      -1.94463503    
   2.07999992      -1.05593300      -1.92829907    
   2.08500004      -1.06553364      -1.91194439    
   2.08999991      -1.07505238      -1.89557242    
   2.09500003      -1.08448923      -1.87918460    
   2.09999990      -1.09384418      -1.86278236    
   2.10500002      -1.10311711      -1.84636700    
   2.10999990      -1.11230791      -1.82993996    
   2.11500001      -1.12141657      -1.81350255    
   2.11999989      -1.13044298      -1.79705608    
   2.12500000      -1.13938713      -1.78060174    
   2.12999988      -1.14824903      -1.76414084    
   2.13499999      -1.15702856      -1.74767470    
   2.13999987      -1.16572571      -1.73120451    
   2.14499998      -1.17434061      -1.71473145    
   2.14999986      -1.18287313      -1.69825673    
   2.15499997      -1.19132328      -1.68178153    
   2.16000009      -1.19969106      -1.66530693    
   2.16499996      -1.20797646      -1.64883411    
   2.17000008      -1.21617949      -1.63236403    
   2.17499995      -1.22430015      -1.61589789    
   2.18000007      -1.23233843      -1.59943676    
   2.18499994      -1.24029446      -1.58298159    
   2.19000006      -1.24816823      -1.56653333    
   2.19499993      -1.25595975      -1.55009305    
   2.20000005      -1.26366913      -1.53366172    
   2.20499992      -1.27129638      -1.51724029    
   2.21000004      -1.27884150      -1.50082970    
   2.21499991      -1.28630459      -1.48443079    
   2.22000003      -1.29368579      -1.46804452    
   2.22499990      -1.30098510      -1.45167160    
   2.23000002      -1.30820251      -1.43531299    
   2.23499990      -1.31533825      -1.41896951    
   2.24000001      -1.32239223      -1.40264189    
   2.24499989      -1.32936466      -1.38633096    
   2.25000000      -1.33625555      -1.37003756    
   2.25499988      -1.34306502      -1.35376227    
   2.25999999      -1.34979320      -1.33750594    
   2.26499987      -1.35644007      -1.32126915    
   2.26999998      -1.36300588      -1.30505264    
   2.27499986      -1.36949062      -1.28885710    
   2.27999997      -1.37589443      -1.27268314    
   2.28500009      -1.38221741      -1.25653148    
   2.28999996      -1.38845968      -1.24040258    
   2.29500008      -1.39462137      -1.22429705    
   2.29999995      -1.40070260      -1.20821548    
   2.30500007      -1.40670347      -1.19215846    
   2.30999994      -1.41262412      -1.17612648    
   2.31500006      -1.41846478      -1.16012013    
   2.31999993      -1.42422545      -1.14413989    
   2.32500005      -1.42990625      -1.12818611    
   2.32999992      -1.43550730      -1.11225939    
   2.33500004      -1.44102883      -1.09636009    
   2.33999991      -1.44647098      -1.08048868    
   2.34500003      -1.45183384      -1.06464565    
   2.34999990      -1.45711756      -1.04883122    
   2.35500002      -1.46232224      -1.03304589    
   2.35999990      -1.46744812      -1.01729000    
   2.36500001      -1.47249520      -1.00156391    
   2.36999989      -1.47746372     -0.985867918    
   2.37500000      -1.48235393     -0.970202386    
   2.37999988      -1.48716581     -0.954567552    
   2.38499999      -1.49189961     -0.938963771    
   2.38999987      -1.49655545     -0.923391283    
   2.39499998      -1.50113356     -0.907850325    
   2.39999986      -1.50563407     -0.892341137    
   2.40499997      -1.51005709     -0.876863956    
   2.41000009      -1.51440275     -0.861419022    
   2.41499996      -1.51867127     -0.846006513    
   2.42000008      -1.52286279     -0.830626607    
   2.42499995      -1.52697754     -0.815279484    
   2.43000007      -1.53101563     -0.799965322    
   2.43499994      -1.53497720     -0.784684241    
   2.44000006      -1.53886247     -0.769436419    
   2.44499993      -1.54267156     -0.754221916    
   2.45000005      -1.54640472     -0.739040852    
   2.45499992      -1.55006206     -0.723893344    
   2.46000004      -1.55364370     -0.708779454    
   2.46499991      -1.55714989     -0.693699300    
   2.47000003      -1.56058073     -0.678652883    
   2.47499990      -1.56393647     -0.663640261    
   2.48000002      -1.56721723     -0.648661494    
   2.48499990      -1.57042313     -0.633716643    
   2.49000001      -1.57355440     -0.618805647    
   2.49499989      -1.57661116     -0.603928566    
   2.50000000      -1.57959366     -0.589085340    
   2.50499988      -1.58250201     -0.574275970    
   2.50999999      -1.58533645     -0.559500456    
   2.51499987      -1.58809710     -0.544758737    
   2.51999998      -1.59078407     -0.530050755    
   2.52499986      -1.59339762     -0.515376449    
   2.52999997      -1.59593785     -0.500735760    
   2.53499985      -1.59840500     -0.486128628    
   2.53999996      -1.60079920     -0.471554965    
   2.54500008      -1.60312057     -0.457014650    
   2.54999995      -1.60536933     -0.442507595    
   2.55500007      -1.60754561     -0.428033710    
   2.55999994      -1.60964966     -0.413592845    
   2.56500006      -1.61168158     -0.399184853    
   2.56999993      -1.61364150     -0.384809613    
   2.57500005      -1.61552966     -0.370467007    
   2.57999992      -1.61734617     -0.356156856    
   2.58500004      -1.61909127     -0.341878980    
   2.58999991      -1.62076509     -0.327633232    
   2.59500003      -1.62236774     -0.313419431    
   2.59999990      -1.62389934     -0.299237370    
   2.60500002      -1.62536013     -0.285086900    
   2.60999990      -1.62675023     -0.270967782    
   2.61500001      -1.62806988     -0.256879836    
   2.61999989      -1.62931907     -0.242822826    
   2.62500000      -1.63049805     -0.228796542    
   2.62999988      -1.63160706     -0.214800760    
   2.63499999      -1.63264608     -0.200835243    
   2.63999987      -1.63361537     -0.186899751    
   2.64499998      -1.63451505     -0.172994047    
   2.64999986      -1.63534534     -0.159117863    
   2.65499997      -1.63610625     -0.145270959    
   2.65999985      -1.63679802     -0.131453067    
   2.66499996      -1.63742077     -0.117663912    
   2.67000008      -1.63797474     -0.103903227    
   2.67499995      -1.63845992      -9.01707262E-02
   2.68000007      -1.63887656      -7.64661357E-02
   2.68499994      -1.63922465      -6.27891570E-02
   2.69000006      -1.63950443      -4.91394959E-02
   2.69499993      -1.63971603      -3.55168507E-02
   2.70000005      -1.63985956      -2.19209194E-02
   2.70499992      -1.63993526      -8.35139025E-03
   2.71000004      -1.63994312       5.19204931E-03
   2.71499991      -1.63988340       1.87097192E-02
   2.72000003      -1.63975608       3.22019421E-02
   2.72499990      -1.63956141       4.56690453E-02
   2.73000002      -1.63929951       5.91113605E-02
   2.73499990      -1.63897038       7.25292265E-02
   2.74000001      -1.63857424       8.59229788E-02
   2.74499989      -1.63811123       9.92929637E-02
   2.75000000      -1.63758135      0.112639531    
   2.75499988      -1.63698483      0.125963032    
   2.75999999      -1.63632178      0.139263809    
   2.76499987      -1.63559222      0.152542233    
   2.76999998      -1.63479638      0.165798679    
   2.77499986      -1.63393426      0.179033488    
   2.77999997      -1.63300610      0.192247048    
   2.78499985      -1.63201189      0.205439717    
   2.78999996      -1.63095176      0.218611881    
   2.79500008      -1.62982583      0.231763914    
   2.79999995      -1.62863421      0.244896203    
   2.80500007      -1.62737691      0.258009136    
   2.80999994      -1.62605417      0.271103084    
   2.81500006      -1.62466598      0.284178436    
   2.81999993      -1.62321246      0.297235608    
   2.82500005      -1.62169373      0.310274988    
   2.82999992      -1.62010980      0.323296964    
   2.83500004      -1.61846077      0.336301923    
   2.83999991      -1.61674678      0.349290311    
   2.84500003      -1.61496794      0.362262517    
   2.84999990      -1.61312425      0.375218928    
   2.85500002      -1.61121583      0.388159961    
   2.85999990      -1.60924268      0.401086062    
   2.86500001      -1.60720491      0.413997620    
   2.86999989      -1.60510266      0.426895052    
   2.87500000      -1.60293591      0.439778775    
   2.87999988      -1.60070479      0.452649206    
   2.88499999      -1.59840941      0.465506792    
   2.88999987      -1.59604979      0.478351951    
   2.89499998      -1.59362590      0.491185099    
   2.89999986      -1.59113789      0.504006684    
   2.90499997      -1.58858585      0.516817093    
   2.90999985      -1.58596981      0.529616773    
   2.91499996      -1.58328974      0.542406201    
   2.92000008      -1.58054578      0.555185795    
   2.92499995      -1.57773793      0.567955971    
   2.93000007      -1.57486629      0.580717206    
   2.93499994      -1.57193077      0.593469918    
   2.94000006      -1.56893158      0.606214523    
   2.94499993      -1.56586862      0.618951499    
   2.95000005      -1.56274199      0.631681263    
   2.95499992      -1.55955184      0.644404292    
   2.96000004      -1.55629802      0.657121003    
   2.96499991      -1.55298066      0.669831872    
   2.97000003      -1.54959977      0.682537377    
   2.97499990      -1.54615533      0.695237935    
   2.98000002      -1.54264736      0.707934022    
   2.98499990      -1.53907597      0.720626056    
   2.99000001      -1.53544116      0.733314514    
   2.99499989      -1.53174293      0.745999873    
   3.00000000      -1.52798128      0.758682549    
