   1.00000000       2.00000000      -1.00000000    
   1.01999998       1.97988164      -1.01174736    
   1.03999996       1.95953357      -1.02297068    
   1.05999994       1.93896651      -1.03364205    
   1.08000004       1.91819179      -1.04373372    
   1.10000002       1.89722121      -1.05321813    
   1.12000000       1.87606728      -1.06206810    
   1.13999999       1.85474288      -1.07025683    
   1.15999997       1.83326161      -1.07775784    
   1.17999995       1.81163740      -1.08454525    
   1.20000005       1.78988481      -1.09059393    
   1.22000003       1.76801884      -1.09587920    
   1.24000001       1.74605501      -1.10037720    
   1.25999999       1.72400928      -1.10406494    
   1.27999997       1.70189798      -1.10692024    
   1.29999995       1.67973816      -1.10892189    
   1.31999993       1.65754700      -1.11004961    
   1.34000003       1.63534212      -1.11028409    
   1.36000001       1.61314166      -1.10960722    
   1.38000000       1.59096396      -1.10800207    
   1.39999998       1.56882787      -1.10545266    
   1.41999996       1.54675233      -1.10194421    
   1.43999994       1.52475667      -1.09746337    
   1.46000004       1.50286043      -1.09199774    
   1.48000002       1.48108339      -1.08553636    
   1.50000000       1.45944560      -1.07806945    
   1.51999998       1.43796730      -1.06958842    
   1.53999996       1.41666889      -1.06008601    
   1.55999994       1.39557076      -1.04955614    
   1.58000004       1.37469351      -1.03799391    
   1.60000002       1.35405791      -1.02539575    
   1.62000000       1.33368468      -1.01175904    
   1.63999999       1.31359458     -0.997082412    
   1.65999997       1.29380834     -0.981365561    
   1.67999995       1.27434683     -0.964609206    
   1.69999993       1.25523090     -0.946815073    
   1.72000003       1.23648119     -0.927985907    
   1.74000001       1.21811831     -0.908125162    
   1.75999999       1.20016301     -0.887237251    
   1.77999997       1.18263566     -0.865327358    
   1.79999995       1.16555667     -0.842401266    
   1.81999993       1.14894629     -0.818465412    
   1.84000003       1.13282466     -0.793526769    
   1.86000001       1.11721182     -0.767592847    
   1.88000000       1.10212755     -0.740671456    
   1.89999998       1.08759153     -0.712770820    
   1.91999996       1.07362318     -0.683899343    
   1.93999994       1.06024194     -0.654065609    
   1.96000004       1.04746687     -0.623278320    
   1.98000002       1.03531706     -0.591546118    
   2.00000000       1.02381122     -0.558877647    
   2.01999998       1.01296806     -0.525281370    
   2.03999996       1.00280607     -0.490765482    
   2.05999994      0.993343532     -0.455337912    
   2.07999992      0.984598577     -0.419006199    
   2.09999990      0.976589262     -0.381777436    
   2.11999989      0.969333410     -0.343658179    
   2.13999987      0.962848842     -0.304654390    
   2.16000009      0.957153141     -0.264771372    
   2.18000007      0.952263832     -0.224013656    
   2.20000005      0.948198378     -0.182384983    
   2.22000003      0.944974184     -0.139888257    
   2.24000001      0.942608595      -9.65254009E-02
   2.25999999      0.941118896      -5.22973686E-02
   2.27999997      0.940522432      -7.20404834E-03
   2.29999995      0.940836489       3.87557894E-02
   2.31999993      0.942078471       8.55845436E-02
   2.33999991      0.944265723      0.133285850    
   2.35999990      0.947415769      0.181864634    
   2.37999988      0.951546192      0.231327161    
   2.39999986      0.956674755      0.281681091    
   2.42000008      0.962819397      0.332935542    
   2.44000006      0.969998240      0.385101169    
   2.46000004      0.978229582      0.438190132    
   2.48000002      0.987532079      0.492216229    
   2.50000000      0.997924566      0.547194958    
   2.51999998       1.00942636      0.603143454    
   2.53999996       1.02205694      0.660080731    
   2.55999994       1.03583634      0.718027592    
   2.57999992       1.05078495      0.777006805    
   2.59999990       1.06692362      0.837042987    
   2.61999989       1.08427382      0.898162842    
   2.63999987       1.10285747      0.960395157    
   2.65999985       1.12269723       1.02377081    
   2.68000007       1.14381623       1.08832300    
   2.70000005       1.16623831       1.15408719    
   2.72000003       1.18998802       1.22110128    
   2.74000001       1.21509087       1.28940547    
   2.75999999       1.24157310       1.35904264    
   2.77999997       1.26946175       1.43005836    
   2.79999995       1.29878497       1.50250077    
   2.81999993       1.32957172       1.57642090    
   2.83999991       1.36185205       1.65187287    
   2.85999990       1.39565718       1.72891366    
   2.87999988       1.43101954       1.80760360    
   2.89999986       1.46797276       1.88800621    
   2.92000008       1.50655162       1.97018850    
   2.94000006       1.54679263       2.05422115    
   2.96000004       1.58873332       2.14017844    
   2.98000002       1.63241303       2.22813869    
   3.00000000       1.67787266       2.31818438    
