   1.00333333       1.99326742      -2.02347422    
   1.00666666       1.98651016      -2.03086782    
   1.00999999       1.97972834      -2.03824377    
   1.01333332       1.97292197      -2.04560161    
   1.01666665       1.96609104      -2.05294085    
   1.01999998       1.95923567      -2.06026077    
   1.02333331       1.95235598      -2.06756115    
   1.02666664       1.94545197      -2.07484150    
   1.02999997       1.93852377      -2.08210111    
   1.03333330       1.93157136      -2.08933949    
   1.03666663       1.92459488      -2.09655643    
   1.03999996       1.91759431      -2.10375118    
   1.04333329       1.91056991      -2.11092329    
   1.04666662       1.90352154      -2.11807227    
   1.04999995       1.89644945      -2.12519741    
   1.05333328       1.88935363      -2.13229847    
   1.05666661       1.88223422      -2.13937473    
   1.05999994       1.87509120      -2.14642572    
   1.06333339       1.86792469      -2.15345120    
   1.06666672       1.86073482      -2.16045046    
   1.07000005       1.85352170      -2.16742277    
   1.07333338       1.84628534      -2.17436790    
   1.07666671       1.83902586      -2.18128514    
   1.08000004       1.83174336      -2.18817425    
   1.08333337       1.82443798      -2.19503450    
   1.08666670       1.81710982      -2.20186543    
   1.09000003       1.80975890      -2.20866656    
   1.09333336       1.80238533      -2.21543717    
   1.09666669       1.79498935      -2.22217703    
   1.10000002       1.78757095      -2.22888541    
   1.10333335       1.78013015      -2.23556185    
   1.10666668       1.77266717      -2.24220586    
   1.11000001       1.76518214      -2.24881697    
   1.11333334       1.75767505      -2.25539446    
   1.11666667       1.75014615      -2.26193810    
   1.12000000       1.74259555      -2.26844716    
   1.12333333       1.73502326      -2.27492118    
   1.12666667       1.72742939      -2.28135991    
   1.13000000       1.71981418      -2.28776240    
   1.13333333       1.71217763      -2.29412842    
   1.13666666       1.70451999      -2.30045748    
   1.13999999       1.69684124      -2.30674887    
   1.14333332       1.68914163      -2.31300235    
   1.14666665       1.68142128      -2.31921721    
   1.14999998       1.67368031      -2.32539296    
   1.15333331       1.66591871      -2.33152914    
   1.15666664       1.65813673      -2.33762527    
   1.15999997       1.65033448      -2.34368086    
   1.16333330       1.64251220      -2.34969521    
   1.16666663       1.63466990      -2.35566807    
   1.16999996       1.62680781      -2.36159873    
   1.17333329       1.61892593      -2.36748695    
   1.17666662       1.61102450      -2.37333202    
   1.17999995       1.60310376      -2.37913370    
   1.18333340       1.59516370      -2.38489127    
   1.18666673       1.58720458      -2.39060426    
   1.19000006       1.57922649      -2.39627218    
   1.19333339       1.57122958      -2.40189481    
   1.19666672       1.56321394      -2.40747142    
   1.20000005       1.55517983      -2.41300154    
   1.20333338       1.54712737      -2.41848469    
   1.20666671       1.53905666      -2.42392039    
   1.21000004       1.53096795      -2.42930841    
   1.21333337       1.52286136      -2.43464804    
   1.21666670       1.51473701      -2.43993878    
   1.22000003       1.50659513      -2.44518042    
   1.22333336       1.49843585      -2.45037222    
   1.22666669       1.49025941      -2.45551395    
   1.23000002       1.48206592      -2.46060491    
   1.23333335       1.47385550      -2.46564484    
   1.23666668       1.46562839      -2.47063327    
   1.24000001       1.45738471      -2.47556973    
   1.24333334       1.44912469      -2.48045373    
   1.24666667       1.44084847      -2.48528504    
   1.25000000       1.43255615      -2.49006295    
   1.25333333       1.42424810      -2.49478722    
   1.25666666       1.41592431      -2.49945736    
   1.25999999       1.40758502      -2.50407290    
   1.26333332       1.39923048      -2.50863361    
   1.26666665       1.39086080      -2.51313901    
   1.26999998       1.38247621      -2.51758862    
   1.27333331       1.37407696      -2.52198195    
   1.27666664       1.36566317      -2.52631879    
   1.27999997       1.35723495      -2.53059864    
   1.28333330       1.34879255      -2.53482103    
   1.28666663       1.34033620      -2.53898573    
   1.28999996       1.33186603      -2.54309225    
   1.29333329       1.32338226      -2.54714036    
   1.29666662       1.31488514      -2.55112934    
   1.29999995       1.30637479      -2.55505919    
   1.30333328       1.29785144      -2.55892944    
   1.30666673       1.28931534      -2.56273961    
   1.31000006       1.28076661      -2.56648946    
   1.31333339       1.27220547      -2.57017851    
   1.31666672       1.26363218      -2.57380652    
   1.32000005       1.25504684      -2.57737327    
   1.32333338       1.24644971      -2.58087826    
   1.32666671       1.23784101      -2.58432102    
   1.33000004       1.22922099      -2.58770156    
   1.33333337       1.22058976      -2.59101939    
   1.33666670       1.21194756      -2.59427404    
   1.34000003       1.20329463      -2.59746552    
   1.34333336       1.19463122      -2.60059333    
   1.34666669       1.18595743      -2.60365701    
   1.35000002       1.17727351      -2.60665655    
   1.35333335       1.16857970      -2.60959148    
   1.35666668       1.15987623      -2.61246157    
   1.36000001       1.15116334      -2.61526656    
   1.36333334       1.14244115      -2.61800623    
   1.36666667       1.13371003      -2.62068033    
   1.37000000       1.12497008      -2.62328839    
   1.37333333       1.11622155      -2.62583041    
   1.37666667       1.10746467      -2.62830591    
   1.38000000       1.09869957      -2.63071465    
   1.38333333       1.08992660      -2.63305664    
   1.38666666       1.08114588      -2.63533139    
   1.38999999       1.07235777      -2.63753891    
   1.39333332       1.06356239      -2.63967872    
   1.39666665       1.05475998      -2.64175081    
   1.39999998       1.04595077      -2.64375472    
   1.40333331       1.03713500      -2.64569044    
   1.40666664       1.02831292      -2.64755774    
   1.40999997       1.01948476      -2.64935637    
   1.41333330       1.01065063      -2.65108633    
   1.41666663       1.00181091      -2.65274715    
   1.41999996      0.992965758      -2.65433884    
   1.42333329      0.984115422      -2.65586138    
   1.42666674      0.975260139      -2.65731430    
   1.43000007      0.966400087      -2.65869761    
   1.43333340      0.957535565      -2.66001105    
   1.43666673      0.948666751      -2.66125464    
   1.44000006      0.939793944      -2.66242814    
   1.44333339      0.930917323      -2.66353130    
   1.44666672      0.922037125      -2.66456413    
   1.45000005      0.913153648      -2.66552663    
   1.45333338      0.904267073      -2.66641855    
   1.45666671      0.895377636      -2.66723990    
   1.46000004      0.886485577      -2.66799045    
   1.46333337      0.877591133      -2.66866994    
   1.46666670      0.868694544      -2.66927862    
   1.47000003      0.859796047      -2.66981626    
   1.47333336      0.850895882      -2.67028284    
   1.47666669      0.841994286      -2.67067814    
   1.48000002      0.833091438      -2.67100215    
   1.48333335      0.824187636      -2.67125487    
   1.48666668      0.815283120      -2.67143631    
   1.49000001      0.806378126      -2.67154646    
   1.49333334      0.797472894      -2.67158508    
   1.49666667      0.788567662      -2.67155218    
   1.50000000      0.779662669      -2.67144775    
   1.50333333      0.770758092      -2.67127204    
   1.50666666      0.761854231      -2.67102480    
   1.50999999      0.752951324      -2.67070603    
   1.51333332      0.744049609      -2.67031574    
   1.51666665      0.735149324      -2.66985393    
   1.51999998      0.726250708      -2.66932058    
   1.52333331      0.717353940      -2.66871572    
   1.52666664      0.708459318      -2.66803932    
   1.52999997      0.699567080      -2.66729164    
   1.53333330      0.690677464      -2.66647243    
   1.53666663      0.681790709      -2.66558194    
   1.53999996      0.672906995      -2.66462016    
   1.54333329      0.664026618      -2.66358709    
   1.54666662      0.655149817      -2.66248298    
   1.55000007      0.646276832      -2.66130781    
   1.55333340      0.637407839      -2.66006160    
   1.55666673      0.628543139      -2.65874434    
   1.56000006      0.619682968      -2.65735626    
   1.56333339      0.610827506      -2.65589738    
   1.56666672      0.601977050      -2.65436769    
   1.57000005      0.593131781      -2.65276742    
   1.57333338      0.584291995      -2.65109682    
   1.57666671      0.575457871      -2.64935589    
   1.58000004      0.566629708      -2.64754462    
   1.58333337      0.557807684      -2.64566326    
   1.58666670      0.548992038      -2.64371204    
   1.59000003      0.540183008      -2.64169097    
   1.59333336      0.531380832      -2.63960028    
   1.59666669      0.522585750      -2.63743997    
   1.60000002      0.513797998      -2.63521028    
   1.60333335      0.505017757      -2.63291144    
   1.60666668      0.496245325      -2.63054347    
   1.61000001      0.487480879      -2.62810659    
   1.61333334      0.478724688      -2.62560105    
   1.61666667      0.469976962      -2.62302685    
   1.62000000      0.461237937      -2.62038445    
   1.62333333      0.452507824      -2.61767387    
   1.62666667      0.443786860      -2.61489534    
   1.63000000      0.435075253      -2.61204910    
   1.63333333      0.426373273      -2.60913515    
   1.63666666      0.417681098      -2.60615396    
   1.63999999      0.408998966      -2.60310555    
   1.64333332      0.400327116      -2.59999037    
   1.64666665      0.391665757      -2.59680843    
   1.64999998      0.383015126      -2.59356022    
   1.65333331      0.374375433      -2.59024572    
   1.65666664      0.365746886      -2.58686519    
   1.65999997      0.357129723      -2.58341908    
   1.66333330      0.348524153      -2.57990742    
   1.66666663      0.339930415      -2.57633066    
   1.66999996      0.331348687      -2.57268882    
   1.67333341      0.322779208      -2.56898236    
   1.67666674      0.314222187      -2.56521153    
   1.68000007      0.305677861      -2.56137657    
   1.68333340      0.297146410      -2.55747771    
   1.68666673      0.288628072      -2.55351520    
   1.69000006      0.280123055      -2.54948926    
   1.69333339      0.271631569      -2.54540038    
   1.69666672      0.263153791      -2.54124880    
   1.70000005      0.254689962      -2.53703475    
   1.70333338      0.246240288      -2.53275871    
   1.70666671      0.237804964      -2.52842069    
   1.71000004      0.229384214      -2.52402115    
   1.71333337      0.220978230      -2.51956058    
   1.71666670      0.212587208      -2.51503897    
   1.72000003      0.204211369      -2.51045680    
   1.72333336      0.195850894      -2.50581431    
   1.72666669      0.187506005      -2.50111198    
   1.73000002      0.179176882      -2.49635005    
   1.73333335      0.170863733      -2.49152899    
   1.73666668      0.162566751      -2.48664880    
   1.74000001      0.154286131      -2.48171020    
   1.74333334      0.146022081      -2.47671318    
   1.74666667      0.137774780      -2.47165847    
   1.75000000      0.129544422      -2.46654606    
   1.75333333      0.121331200      -2.46137643    
   1.75666666      0.113135308      -2.45615005    
   1.75999999      0.104956932      -2.45086718    
   1.76333332       9.67962593E-02  -2.44552803    
   1.76666665       8.86534750E-02  -2.44013309    
   1.76999998       8.05287659E-02  -2.43468285    
   1.77333331       7.24223182E-02  -2.42917752    
   1.77666664       6.43343106E-02  -2.42361760    
   1.77999997       5.62649257E-02  -2.41800332    
   1.78333330       4.82143462E-02  -2.41233516    
   1.78666663       4.01827507E-02  -2.40661335    
   1.78999996       3.21703143E-02  -2.40083838    
   1.79333341       2.41772179E-02  -2.39501071    
   1.79666674       1.62036344E-02  -2.38913059    
   1.80000007       8.24973825E-03  -2.38319850    
   1.80333340       3.15701793E-04  -2.37721467    
   1.80666673      -7.59830279E-03  -2.37117958    
   1.81000006      -1.54921059E-02  -2.36509371    
   1.81333339      -2.33655386E-02  -2.35895729    
   1.81666672      -3.12184319E-02  -2.35277081    
   1.82000005      -3.90506200E-02  -2.34653449    
   1.82333338      -4.68619391E-02  -2.34024906    
   1.82666671      -5.46522252E-02  -2.33391476    
   1.83000004      -6.24213181E-02  -2.32753181    
   1.83333337      -7.01690540E-02  -2.32110071    
   1.83666670      -7.78952688E-02  -2.31462193    
   1.84000003      -8.55998099E-02  -2.30809593    
   1.84333336      -9.32825208E-02  -2.30152297    
   1.84666669     -0.100943245      -2.29490352    
   1.85000002     -0.108581826      -2.28823805    
   1.85333335     -0.116198115      -2.28152680    
   1.85666668     -0.123791955      -2.27477026    
   1.86000001     -0.131363198      -2.26796889    
   1.86333334     -0.138911694      -2.26112318    
   1.86666667     -0.146437302      -2.25423336    
   1.87000000     -0.153939873      -2.24729991    
   1.87333333     -0.161419258      -2.24032307    
   1.87666667     -0.168875307      -2.23330355    
   1.88000000     -0.176307887      -2.22624159    
   1.88333333     -0.183716863      -2.21913767    
   1.88666666     -0.191102087      -2.21199203    
   1.88999999     -0.198463425      -2.20480514    
   1.89333332     -0.205800742      -2.19757748    
   1.89666665     -0.213113904      -2.19030952    
   1.89999998     -0.220402762      -2.18300176    
   1.90333331     -0.227667198      -2.17565441    
   1.90666664     -0.234907076      -2.16826797    
   1.90999997     -0.242122278      -2.16084266    
   1.91333330     -0.249312654      -2.15337920    
   1.91666675     -0.256478101      -2.14587784    
   1.92000008     -0.263618469      -2.13833904    
   1.92333341     -0.270733654      -2.13076305    
   1.92666674     -0.277823508      -2.12315035    
   1.93000007     -0.284887940      -2.11550140    
   1.93333340     -0.291926801      -2.10781670    
   1.93666673     -0.298940003      -2.10009670    
   1.94000006     -0.305927396      -2.09234166    
   1.94333339     -0.312888891      -2.08455205    
   1.94666672     -0.319824368      -2.07672811    
   1.95000005     -0.326733708      -2.06887031    
   1.95333338     -0.333616793      -2.06097913    
   1.95666671     -0.340473533      -2.05305505    
   1.96000004     -0.347303808      -2.04509830    
   1.96333337     -0.354107499      -2.03710938    
   1.96666670     -0.360884517      -2.02908874    
   1.97000003     -0.367634743      -2.02103686    
   1.97333336     -0.374358058      -2.01295400    
   1.97666669     -0.381054401      -2.00484037    
   1.98000002     -0.387723625      -1.99669671    
   1.98333335     -0.394365668      -1.98852324    
   1.98666668     -0.400980413      -1.98032033    
   1.99000001     -0.407567769      -1.97208846    
   1.99333334     -0.414127648      -1.96382797    
   1.99666667     -0.420659930      -1.95553935    
   2.00000000     -0.427164555      -1.94722283    
   2.00333333     -0.433641404      -1.93887889    
   2.00666666     -0.440090388      -1.93050802    
   2.00999999     -0.446511418      -1.92211044    
   2.01333332     -0.452904433      -1.91368663    
   2.01666665     -0.459269315      -1.90523696    
   2.01999998     -0.465605974      -1.89676178    
   2.02333331     -0.471914351      -1.88826144    
   2.02666664     -0.478194356      -1.87973630    
   2.02999997     -0.484445900      -1.87118685    
   2.03333330     -0.490668893      -1.86261344    
   2.03666663     -0.496863276      -1.85401642    
   2.03999996     -0.503028989      -1.84539616    
   2.04333329     -0.509165883      -1.83675301    
   2.04666662     -0.515273929      -1.82808733    
   2.04999995     -0.521353066      -1.81939948    
   2.05333328     -0.527403235      -1.81068981    
   2.05666661     -0.533424318      -1.80195868    
   2.05999994     -0.539416254      -1.79320657    
   2.06333327     -0.545378983      -1.78443372    
   2.06666660     -0.551312447      -1.77564049    
   2.06999993     -0.557216585      -1.76682734    
   2.07333326     -0.563091278      -1.75799453    
   2.07666659     -0.568936527      -1.74914241    
   2.07999992     -0.574752212      -1.74027133    
   2.08333325     -0.580538332      -1.73138165    
   2.08666658     -0.586294770      -1.72247374    
   2.08999991     -0.592021465      -1.71354783    
   2.09333324     -0.597718418      -1.70460439    
   2.09666657     -0.603385508      -1.69564366    
   2.10000014     -0.609022677      -1.68666601    
   2.10333347     -0.614629924      -1.67767179    
   2.10666680     -0.620207131      -1.66866136    
   2.11000013     -0.625754297      -1.65963495    
   2.11333346     -0.631271362      -1.65059292    
   2.11666679     -0.636758268      -1.64153564    
   2.12000012     -0.642214954      -1.63246346    
   2.12333345     -0.647641361      -1.62337661    
   2.12666678     -0.653037429      -1.61427546    
   2.13000011     -0.658403158      -1.60516024    
   2.13333344     -0.663738489      -1.59603131    
   2.13666677     -0.669043362      -1.58688903    
   2.14000010     -0.674317718      -1.57773364    
   2.14333344     -0.679561555      -1.56856549    
   2.14666677     -0.684774816      -1.55938482    
   2.15000010     -0.689957440      -1.55019200    
   2.15333343     -0.695109427      -1.54098725    
   2.15666676     -0.700230718      -1.53177094    
   2.16000009     -0.705321252      -1.52254331    
   2.16333342     -0.710381031      -1.51330459    
   2.16666675     -0.715409994      -1.50405514    
   2.17000008     -0.720408082      -1.49479532    
   2.17333341     -0.725375295      -1.48552525    
   2.17666674     -0.730311573      -1.47624528    
   2.18000007     -0.735216916      -1.46695566    
   2.18333340     -0.740091264      -1.45765674    
   2.18666673     -0.744934618      -1.44834876    
   2.19000006     -0.749746919      -1.43903196    
   2.19333339     -0.754528165      -1.42970657    
   2.19666672     -0.759278297      -1.42037284    
   2.20000005     -0.763997316      -1.41103113    
   2.20333338     -0.768685162      -1.40168166    
   2.20666671     -0.773341835      -1.39232469    
   2.21000004     -0.777967334      -1.38296044    
   2.21333337     -0.782561600      -1.37358916    
   2.21666670     -0.787124574      -1.36421108    
   2.22000003     -0.791656315      -1.35482645    
   2.22333336     -0.796156764      -1.34543550    
   2.22666669     -0.800625861      -1.33603859    
   2.23000002     -0.805063665      -1.32663584    
   2.23333335     -0.809470117      -1.31722748    
   2.23666668     -0.813845158      -1.30781376    
   2.24000001     -0.818188846      -1.29839492    
   2.24333334     -0.822501123      -1.28897119    
   2.24666667     -0.826781988      -1.27954268    
   2.25000000     -0.831031382      -1.27010977    
   2.25333333     -0.835249364      -1.26067257    
   2.25666666     -0.839435875      -1.25123131    
   2.25999999     -0.843590915      -1.24178624    
   2.26333332     -0.847714484      -1.23233759    
   2.26666665     -0.851806521      -1.22288549    
   2.26999998     -0.855867028      -1.21343017    
   2.27333331     -0.859896004      -1.20397186    
   2.27666664     -0.863893449      -1.19451082    
   2.27999997     -0.867859364      -1.18504715    
   2.28333330     -0.871793747      -1.17558110    
   2.28666663     -0.875696599      -1.16611278    
   2.28999996     -0.879567862      -1.15664244    
   2.29333329     -0.883407533      -1.14717019    
   2.29666662     -0.887215674      -1.13769627    
   2.29999995     -0.890992224      -1.12822092    
   2.30333328     -0.894737184      -1.11874425    
   2.30666661     -0.898450553      -1.10926640    
   2.30999994     -0.902132332      -1.09978759    
   2.31333327     -0.905782521      -1.09030795    
   2.31666660     -0.909401059      -1.08082771    
   2.31999993     -0.912988007      -1.07134700    
   2.32333326     -0.916543365      -1.06186593    
   2.32666659     -0.920067132      -1.05238473    
   2.32999992     -0.923559308      -1.04290354    
   2.33333325     -0.927019835      -1.03342247    
   2.33666658     -0.930448771      -1.02394176    
   2.33999991     -0.933846116      -1.01446152    
   2.34333348     -0.937211871      -1.00498188    
   2.34666681     -0.940546036     -0.995503008    
   2.35000014     -0.943848610     -0.986025035    
   2.35333347     -0.947119594     -0.976548076    
   2.35666680     -0.950358987     -0.967072308    
   2.36000013     -0.953566790     -0.957597852    
   2.36333346     -0.956743002     -0.948124826    
   2.36666679     -0.959887624     -0.938653350    
   2.37000012     -0.963000655     -0.929183543    
   2.37333345     -0.966082156     -0.919715583    
   2.37666678     -0.969132125     -0.910249591    
   2.38000011     -0.972150505     -0.900785625    
   2.38333344     -0.975137353     -0.891323864    
   2.38666677     -0.978092670     -0.881864369    
   2.39000010     -0.981016457     -0.872407317    
   2.39333344     -0.983908713     -0.862952769    
   2.39666677     -0.986769497     -0.853500843    
   2.40000010     -0.989598751     -0.844051659    
   2.40333343     -0.992396533     -0.834605277    
   2.40666676     -0.995162785     -0.825161815    
   2.41000009     -0.997897565     -0.815721393    
   2.41333342      -1.00060093     -0.806284130    
   2.41666675      -1.00327277     -0.796850085    
   2.42000008      -1.00591326     -0.787419379    
   2.42333341      -1.00852227     -0.777992070    
   2.42666674      -1.01109982     -0.768568218    
   2.43000007      -1.01364601     -0.759148002    
   2.43333340      -1.01616085     -0.749731421    
   2.43666673      -1.01864421     -0.740318596    
   2.44000006      -1.02109623     -0.730909586    
   2.44333339      -1.02351689     -0.721504509    
   2.44666672      -1.02590621     -0.712103367    
   2.45000005      -1.02826416     -0.702706277    
   2.45333338      -1.03059089     -0.693313301    
   2.45666671      -1.03288627     -0.683924556    
   2.46000004      -1.03515041     -0.674540043    
   2.46333337      -1.03738320     -0.665159822    
   2.46666670      -1.03958476     -0.655784011    
   2.47000003      -1.04175508     -0.646412611    
   2.47333336      -1.04389417     -0.637045741    
   2.47666669      -1.04600203     -0.627683401    
   2.48000002      -1.04807866     -0.618325710    
   2.48333335      -1.05012417     -0.608972669    
   2.48666668      -1.05213845     -0.599624336    
   2.49000001      -1.05412161     -0.590280771    
   2.49333334      -1.05607367     -0.580941975    
   2.49666667      -1.05799460     -0.571608067    
   2.50000000      -1.05988443     -0.562279046    
   2.50333333      -1.06174314     -0.552954912    
   2.50666666      -1.06357074     -0.543635786    
   2.50999999      -1.06536734     -0.534321666    
   2.51333332      -1.06713295     -0.525012553    
   2.51666665      -1.06886744     -0.515708506    
   2.51999998      -1.07057095     -0.506409585    
   2.52333331      -1.07224345     -0.497115821    
   2.52666664      -1.07388496     -0.487827212    
   2.52999997      -1.07549560     -0.478543788    
   2.53333330      -1.07707524     -0.469265580    
   2.53666663      -1.07862401     -0.459992588    
   2.53999996      -1.08014190     -0.450724870    
   2.54333329      -1.08162892     -0.441462427    
   2.54666662      -1.08308506     -0.432205260    
   2.54999995      -1.08451033     -0.422953397    
   2.55333328      -1.08590472     -0.413706839    
   2.55666661      -1.08726835     -0.404465616    
   2.55999994      -1.08860123     -0.395229727    
   2.56333327      -1.08990324     -0.385999203    
   2.56666660      -1.09117448     -0.376774043    
   2.56999993      -1.09241498     -0.367554218    
   2.57333326      -1.09362483     -0.358339757    
   2.57666659      -1.09480393     -0.349130660    
   2.57999992      -1.09595239     -0.339926928    
   2.58333325      -1.09707010     -0.330728561    
   2.58666682      -1.09815717     -0.321535558    
   2.59000015      -1.09921360     -0.312347919    
   2.59333348      -1.10023940     -0.303165644    
   2.59666681      -1.10123467     -0.293988705    
   2.60000014      -1.10219932     -0.284817100    
   2.60333347      -1.10313344     -0.275650799    
   2.60666680      -1.10403705     -0.266489834    
   2.61000013      -1.10491014     -0.257334143    
   2.61333346      -1.10575271     -0.248183742    
   2.61666679      -1.10656476     -0.239038616    
   2.62000012      -1.10734630     -0.229898736    
   2.62333345      -1.10809743     -0.220764086    
   2.62666678      -1.10881805     -0.211634636    
   2.63000011      -1.10950828     -0.202510372    
   2.63333344      -1.11016810     -0.193391278    
   2.63666677      -1.11079752     -0.184277326    
   2.64000010      -1.11139655     -0.175168484    
   2.64333344      -1.11196530     -0.166064724    
   2.64666677      -1.11250365     -0.156966016    
   2.65000010      -1.11301172     -0.147872329    
   2.65333343      -1.11348951     -0.138783634    
   2.65666676      -1.11393702     -0.129699901    
   2.66000009      -1.11435425     -0.120621093    
   2.66333342      -1.11474121     -0.111547180    
   2.66666675      -1.11509788     -0.102478117    
   2.67000008      -1.11542439      -9.34138671E-02
   2.67333341      -1.11572063      -8.43543932E-02
   2.67666674      -1.11598670      -7.52996579E-02
   2.68000007      -1.11622262      -6.62496164E-02
   2.68333340      -1.11642838      -5.72042242E-02
   2.68666673      -1.11660397      -4.81634401E-02
   2.69000006      -1.11674941      -3.91272157E-02
   2.69333339      -1.11686480      -3.00955065E-02
   2.69666672      -1.11695004      -2.10682657E-02
   2.70000005      -1.11700523      -1.20454421E-02
   2.70333338      -1.11703038      -3.02698626E-03
   2.70666671      -1.11702549       5.98715292E-03
   2.71000004      -1.11699057       1.49970278E-02
   2.71333337      -1.11692560       2.40026917E-02
   2.71666670      -1.11683059       3.30041982E-02
   2.72000003      -1.11670554       4.20016050E-02
   2.72333336      -1.11655056       5.09949662E-02
   2.72666669      -1.11636555       5.99843413E-02
   2.73000002      -1.11615062       6.89697862E-02
   2.73333335      -1.11590576       7.79513642E-02
   2.73666668      -1.11563098       8.69291350E-02
   2.74000001      -1.11532629       9.59031656E-02
   2.74333334      -1.11499166      0.104873508    
   2.74666667      -1.11462712      0.113840237    
   2.75000000      -1.11423266      0.122803412    
   2.75333333      -1.11380839      0.131763101    
   2.75666666      -1.11335421      0.140719369    
   2.75999999      -1.11287022      0.149672285    
   2.76333332      -1.11235642      0.158621922    
   2.76666665      -1.11181283      0.167568341    
   2.76999998      -1.11123931      0.176511616    
   2.77333331      -1.11063600      0.185451820    
   2.77666664      -1.11000288      0.194389030    
   2.77999997      -1.10934007      0.203323320    
   2.78333330      -1.10864747      0.212254748    
   2.78666663      -1.10792506      0.221183404    
   2.78999996      -1.10717285      0.230109364    
   2.79333329      -1.10639095      0.239032701    
   2.79666662      -1.10557926      0.247953504    
   2.79999995      -1.10473788      0.256871849    
   2.80333328      -1.10386682      0.265787810    
   2.80666661      -1.10296595      0.274701446    
   2.80999994      -1.10203540      0.283612877    
   2.81333327      -1.10107517      0.292522162    
   2.81666660      -1.10008526      0.301429391    
   2.81999993      -1.09906566      0.310334653    
   2.82333326      -1.09801638      0.319238037    
   2.82666659      -1.09693742      0.328139603    
   2.83000016      -1.09582877      0.337039471    
   2.83333349      -1.09469044      0.345937699    
   2.83666682      -1.09352243      0.354834378    
   2.84000015      -1.09232485      0.363729626    
   2.84333348      -1.09109759      0.372623503    
   2.84666681      -1.08984065      0.381516099    
   2.85000014      -1.08855414      0.390407532    
   2.85333347      -1.08723795      0.399297863    
   2.85666680      -1.08589220      0.408187211    
   2.86000013      -1.08451676      0.417075634    
   2.86333346      -1.08311164      0.425963253    
   2.86666679      -1.08167696      0.434850156    
   2.87000012      -1.08021259      0.443736464    
   2.87333345      -1.07871866      0.452622235    
   2.87666678      -1.07719517      0.461507589    
   2.88000011      -1.07564199      0.470392615    
   2.88333344      -1.07405925      0.479277402    
   2.88666677      -1.07244682      0.488162071    
   2.89000010      -1.07080483      0.497046709    
   2.89333344      -1.06913316      0.505931437    
   2.89666677      -1.06743193      0.514816284    
   2.90000010      -1.06570101      0.523701429    
   2.90333343      -1.06394053      0.532586932    
   2.90666676      -1.06215048      0.541472912    
   2.91000009      -1.06033075      0.550359488    
   2.91333342      -1.05848145      0.559246778    
   2.91666675      -1.05660248      0.568134844    
   2.92000008      -1.05469394      0.577023804    
   2.92333341      -1.05275571      0.585913777    
   2.92666674      -1.05078781      0.594804823    
   2.93000007      -1.04879034      0.603697121    
   2.93333340      -1.04676318      0.612590730    
   2.93666673      -1.04470634      0.621485770    
   2.94000006      -1.04261994      0.630382359    
   2.94333339      -1.04050386      0.639280558    
   2.94666672      -1.03835809      0.648180544    
   2.95000005      -1.03618264      0.657082379    
   2.95333338      -1.03397751      0.665986240    
   2.95666671      -1.03174269      0.674892187    
   2.96000004      -1.02947819      0.683800340    
   2.96333337      -1.02718401      0.692710817    
   2.96666670      -1.02486014      0.701623738    
   2.97000003      -1.02250659      0.710539162    
   2.97333336      -1.02012324      0.719457269    
   2.97666669      -1.01771021      0.728378177    
   2.98000002      -1.01526737      0.737301946    
   2.98333335      -1.01279485      0.746228755    
   2.98666668      -1.01029253      0.755158663    
   2.99000001      -1.00776041      0.764091849    
   2.99333334      -1.00519860      0.773028374    
   2.99666667      -1.00260699      0.781968415    
   3.00000000     -0.999985516      0.790912032    
