     x              y              y-prima
   1.00000000       2.00000000      -1.00000000    
   1.00500000       1.99499249      -1.00298440    
   1.00999999       1.98997021      -1.00593734    
   1.01499999       1.98493326      -1.00885844    
   1.01999998       1.97988176      -1.01174724    
   1.02499998       1.97481585      -1.01460326    
   1.02999997       1.96973574      -1.01742613    
   1.03499997       1.96464157      -1.02021539    
   1.03999996       1.95953357      -1.02297056    
   1.04499996       1.95441186      -1.02569127    
   1.04999995       1.94927669      -1.02837706    
   1.05499995       1.94412816      -1.03102744    
   1.05999994       1.93896651      -1.03364205    
   1.06500006       1.93379188      -1.03622043    
   1.07000005       1.92860436      -1.03876209    
   1.07500005       1.92340434      -1.04126668    
   1.08000004       1.91819179      -1.04373372    
   1.08500004       1.91296709      -1.04616284    
   1.09000003       1.90773022      -1.04855359    
   1.09500003       1.90248156      -1.05090547    
   1.10000002       1.89722121      -1.05321813    
   1.10500002       1.89194942      -1.05549121    
   1.11000001       1.88666642      -1.05772412    
   1.11500001       1.88137233      -1.05991662    
   1.12000000       1.87606740      -1.06206810    
   1.12500000       1.87075174      -1.06417835    
   1.13000000       1.86542571      -1.06624675    
   1.13499999       1.86008942      -1.06827307    
   1.13999999       1.85474312      -1.07025683    
   1.14499998       1.84938693      -1.07219756    
   1.14999998       1.84402120      -1.07409489    
   1.15499997       1.83864605      -1.07594848    
   1.15999997       1.83326173      -1.07775784    
   1.16499996       1.82786846      -1.07952261    
   1.16999996       1.82246649      -1.08124232    
   1.17499995       1.81705606      -1.08291674    
   1.17999995       1.81163740      -1.08454525    
   1.18499994       1.80621076      -1.08612764    
   1.18999994       1.80077624      -1.08766341    
   1.19500005       1.79533422      -1.08915234    
   1.20000005       1.78988481      -1.09059381    
   1.20500004       1.78442836      -1.09198761    
   1.21000004       1.77896500      -1.09333336    
   1.21500003       1.77349508      -1.09463060    
   1.22000003       1.76801884      -1.09587908    
   1.22500002       1.76253641      -1.09707832    
   1.23000002       1.75704813      -1.09822798    
   1.23500001       1.75155425      -1.09932768    
   1.24000001       1.74605501      -1.10037708    
   1.24500000       1.74055064      -1.10137582    
   1.25000000       1.73504138      -1.10232365    
   1.25500000       1.72952747      -1.10322011    
   1.25999999       1.72400928      -1.10406482    
   1.26499999       1.71848691      -1.10485756    
   1.26999998       1.71296072      -1.10559785    
   1.27499998       1.70743096      -1.10628545    
   1.27999997       1.70189798      -1.10692000    
   1.28499997       1.69636190      -1.10750127    
   1.28999996       1.69082308      -1.10802889    
   1.29499996       1.68528175      -1.10850251    
   1.29999995       1.67973816      -1.10892177    
   1.30499995       1.67419267      -1.10928643    
   1.30999994       1.66864538      -1.10959613    
   1.31499994       1.66309679      -1.10985053    
   1.31999993       1.65754700      -1.11004949    
   1.32500005       1.65199637      -1.11019254    
   1.33000004       1.64644516      -1.11027956    
   1.33500004       1.64089370      -1.11031008    
   1.34000003       1.63534224      -1.11028397    
   1.34500003       1.62979102      -1.11020088    
   1.35000002       1.62424040      -1.11006057    
   1.35500002       1.61869061      -1.10986269    
   1.36000001       1.61314189      -1.10960710    
   1.36500001       1.60759461      -1.10929346    
   1.37000000       1.60204899      -1.10892153    
   1.37500000       1.59650540      -1.10849106    
   1.38000000       1.59096420      -1.10800183    
   1.38499999       1.58542550      -1.10745358    
   1.38999999       1.57988977      -1.10684609    
   1.39499998       1.57435715      -1.10617912    
   1.39999998       1.56882811      -1.10545242    
   1.40499997       1.56330276      -1.10466576    
   1.40999997       1.55778158      -1.10381889    
   1.41499996       1.55226469      -1.10291171    
   1.41999996       1.54675257      -1.10194397    
   1.42499995       1.54124534      -1.10091543    
   1.42999995       1.53574347      -1.09982586    
   1.43499994       1.53024721      -1.09867513    
   1.43999994       1.52475679      -1.09746301    
   1.44499993       1.51927269      -1.09618938    
   1.45000005       1.51379502      -1.09485400    
   1.45500004       1.50832427      -1.09345675    
   1.46000004       1.50286055      -1.09199739    
   1.46500003       1.49740434      -1.09047580    
   1.47000003       1.49195588      -1.08889186    
   1.47500002       1.48651552      -1.08724535    
   1.48000002       1.48108351      -1.08553612    
   1.48500001       1.47566020      -1.08376408    
   1.49000001       1.47024596      -1.08192897    
   1.49500000       1.46484101      -1.08003080    
   1.50000000       1.45944571      -1.07806933    
   1.50500000       1.45406044      -1.07604444    
   1.50999999       1.44868541      -1.07395601    
   1.51499999       1.44332099      -1.07180405    
   1.51999998       1.43796754      -1.06958830    
   1.52499998       1.43262529      -1.06730866    
   1.52999997       1.42729461      -1.06496513    
   1.53499997       1.42197573      -1.06255758    
   1.53999996       1.41666913      -1.06008589    
   1.54499996       1.41137505      -1.05754995    
   1.54999995       1.40609372      -1.05494976    
   1.55499995       1.40082562      -1.05228519    
   1.55999994       1.39557099      -1.04955614    
   1.56499994       1.39033020      -1.04676259    
   1.56999993       1.38510346      -1.04390442    
   1.57499993       1.37989128      -1.04098153    
   1.58000004       1.37469387      -1.03799403    
   1.58500004       1.36951149      -1.03494167    
   1.59000003       1.36434460      -1.03182459    
   1.59500003       1.35919344      -1.02864265    
   1.60000002       1.35405827      -1.02539587    
   1.60500002       1.34893954      -1.02208412    
   1.61000001       1.34383750      -1.01870739    
   1.61500001       1.33875251      -1.01526570    
   1.62000000       1.33368492      -1.01175904    
   1.62500000       1.32863498      -1.00818741    
   1.63000000       1.32360315      -1.00455081    
   1.63499999       1.31858957      -1.00084913    
   1.63999999       1.31359470     -0.997082412    
   1.64499998       1.30861878     -0.993250728    
   1.64999998       1.30366230     -0.989354014    
   1.65499997       1.29872537     -0.985392272    
   1.65999997       1.29380846     -0.981365561    
   1.66499996       1.28891182     -0.977273881    
   1.66999996       1.28403580     -0.973117232    
   1.67499995       1.27918077     -0.968895674    
   1.67999995       1.27434695     -0.964609206    
   1.68499994       1.26953471     -0.960257888    
   1.68999994       1.26474440     -0.955841720    
   1.69499993       1.25997639     -0.951360762    
   1.69999993       1.25523090     -0.946815073    
   1.70500004       1.25050831     -0.942204714    
   1.71000004       1.24580896     -0.937529683    
   1.71500003       1.24113309     -0.932790041    
   1.72000003       1.23648107     -0.927985907    
   1.72500002       1.23185325     -0.923117280    
   1.73000002       1.22724998     -0.918184221    
   1.73500001       1.22267151     -0.913186848    
   1.74000001       1.21811819     -0.908125162    
   1.74500000       1.21359038     -0.902999282    
   1.75000000       1.20908833     -0.897809267    
   1.75500000       1.20461237     -0.892555237    
   1.75999999       1.20016289     -0.887237251    
   1.76499999       1.19574010     -0.881855369    
   1.76999998       1.19134438     -0.876409709    
   1.77499998       1.18697608     -0.870900333    
   1.77999997       1.18263543     -0.865327358    
   1.78499997       1.17832291     -0.859690845    
   1.78999996       1.17403865     -0.853990912    
   1.79499996       1.16978312     -0.848227680    
   1.79999995       1.16555655     -0.842401206    
   1.80499995       1.16135919     -0.836511612    
   1.80999994       1.15719151     -0.830559015    
   1.81499994       1.15305376     -0.824543536    
   1.81999993       1.14894617     -0.818465292    
   1.82499993       1.14486921     -0.812324345    
   1.82999992       1.14082313     -0.806120872    
   1.83500004       1.13680816     -0.799854934    
   1.84000003       1.13282466     -0.793526649    
   1.84500003       1.12887299     -0.787136197    
   1.85000002       1.12495339     -0.780683637    
   1.85500002       1.12106621     -0.774169087    
   1.86000001       1.11721182     -0.767592728    
   1.86500001       1.11339045     -0.760954618    
   1.87000000       1.10960245     -0.754254937    
   1.87500000       1.10584807     -0.747493804    
   1.88000000       1.10212767     -0.740671337    
   1.88499999       1.09844148     -0.733787656    
   1.88999999       1.09478986     -0.726842880    
   1.89499998       1.09117317     -0.719837189    
   1.89999998       1.08759165     -0.712770700    
   1.90499997       1.08404553     -0.705643535    
   1.90999997       1.08053529     -0.698455811    
   1.91499996       1.07706106     -0.691207647    
   1.91999996       1.07362330     -0.683899224    
   1.92499995       1.07022226     -0.676530659    
   1.92999995       1.06685817     -0.669102073    
   1.93499994       1.06353140     -0.661613643    
   1.93999994       1.06024218     -0.654065490    
   1.94499993       1.05699086     -0.646457732    
   1.94999993       1.05377769     -0.638790488    
   1.95499992       1.05060303     -0.631063938    
   1.96000004       1.04746711     -0.623278201    
   1.96500003       1.04437029     -0.615433395    
   1.97000003       1.04131281     -0.607529700    
   1.97500002       1.03829503     -0.599567175    
   1.98000002       1.03531718     -0.591545999    
   1.98500001       1.03237963     -0.583466351    
   1.99000001       1.02948260     -0.575328290    
   1.99500000       1.02662647     -0.567131996    
   2.00000000       1.02381146     -0.558877587    
   2.00499988       1.02103782     -0.550565183    
   2.00999999       1.01830590     -0.542194903    
   2.01499987       1.01561594     -0.533766925    
   2.01999998       1.01296830     -0.525281310    
   2.02500010       1.01036322     -0.516738236    
   2.02999997       1.00780106     -0.508137822    
   2.03500009       1.00528204     -0.499480188    
   2.03999996       1.00280643     -0.490765452    
   2.04500008       1.00037456     -0.481993735    
   2.04999995      0.997986615     -0.473165154    
   2.05500007      0.995642960     -0.464279830    
   2.05999994      0.993343890     -0.455337882    
   2.06500006      0.991089702     -0.446339428    
   2.06999993      0.988880634     -0.437284589    
   2.07500005      0.986716986     -0.428173453    
   2.07999992      0.984598994     -0.419006169    
   2.08500004      0.982527018     -0.409782797    
   2.08999991      0.980501294     -0.400503486    
   2.09500003      0.978522062     -0.391168326    
   2.09999990      0.976589680     -0.381777406    
   2.10500002      0.974704385     -0.372330844    
   2.10999990      0.972866476     -0.362828702    
   2.11500001      0.971076190     -0.353271097    
   2.11999989      0.969333827     -0.343658149    
   2.12500000      0.967639685     -0.333989918    
   2.12999988      0.965994000     -0.324266493    
   2.13499999      0.964397073     -0.314487964    
   2.13999987      0.962849200     -0.304654390    
   2.14499998      0.961350620     -0.294765860    
   2.14999986      0.959901631     -0.284822464    
   2.15499997      0.958502471     -0.274824262    
   2.16000009      0.957153440     -0.264771342    
   2.16499996      0.955854833     -0.254663765    
   2.17000008      0.954606891     -0.244501576    
   2.17499995      0.953409910     -0.234284848    
   2.18000007      0.952264130     -0.224013641    
   2.18499994      0.951169848     -0.213688001    
   2.19000006      0.950127363     -0.203307971    
   2.19499993      0.949136913     -0.192873612    
   2.20000005      0.948198736     -0.182384968    
   2.20499992      0.947313130     -0.171842068    
   2.21000004      0.946480393     -0.161244959    
   2.21499991      0.945700765     -0.150593668    
   2.22000003      0.944974542     -0.139888227    
   2.22499990      0.944301963     -0.129128665    
   2.23000002      0.943683326     -0.118314989    
   2.23499990      0.943118870     -0.107447222    
   2.24000001      0.942608893      -9.65253785E-02
   2.24499989      0.942153692      -8.55494663E-02
   2.25000000      0.941753507      -7.45194927E-02
   2.25499988      0.941408575      -6.34354502E-02
   2.25999999      0.941119194      -5.22973463E-02
   2.26499987      0.940885663      -4.11051661E-02
   2.26999998      0.940708220      -2.98588965E-02
   2.27499986      0.940587163      -1.85585227E-02
   2.27999997      0.940522730      -7.20402366E-03
   2.28500009      0.940515220       4.20462759E-03
   2.28999996      0.940564871       1.56674609E-02
   2.29500008      0.940671980       2.71845106E-02
   2.29999995      0.940836787       3.87558192E-02
   2.30500007      0.941059589       5.03814295E-02
   2.30999994      0.941340685       6.20613880E-02
   2.31500006      0.941680312       7.37957507E-02
   2.31999993      0.942078769       8.55845809E-02
   2.32500005      0.942536294       9.74279344E-02
   2.32999992      0.943053186      0.109325886    
   2.33500004      0.943629682      0.121278509    
   2.33999991      0.944266081      0.133285880    
   2.34500003      0.944962621      0.145348087    
   2.34999990      0.945719659      0.157465219    
   2.35500002      0.946537375      0.169637382    
   2.35999990      0.947416127      0.181864664    
   2.36500001      0.948356152      0.194147170    
   2.36999989      0.949357688      0.206485018    
   2.37500000      0.950421095      0.218878314    
   2.37999988      0.951546609      0.231327191    
   2.38499999      0.952734470      0.243831769    
   2.38999987      0.953985035      0.256392181    
   2.39499998      0.955298543      0.269008577    
   2.39999986      0.956675231      0.281681091    
   2.40499997      0.958115458      0.294409901    
   2.41000009      0.959619462      0.307195127    
   2.41499996      0.961187541      0.320036948    
   2.42000008      0.962819934      0.332935542    
   2.42499995      0.964516997      0.345891088    
   2.43000007      0.966278970      0.358903736    
   2.43499994      0.968106151      0.371973693    
   2.44000006      0.969998837      0.385101169    
   2.44499993      0.971957266      0.398286343    
   2.45000005      0.973981798      0.411529422    
   2.45499992      0.976072669      0.424830616    
   2.46000004      0.978230178      0.438190132    
   2.46499991      0.980454624      0.451608211    
   2.47000003      0.982746303      0.465085089    
   2.47499990      0.985105515      0.478621006    
   2.48000002      0.987532556      0.492216200    
   2.48499990      0.990027726      0.505870938    
   2.49000001      0.992591321      0.519585431    
   2.49499989      0.995223641      0.533360004    
   2.50000000      0.997924984      0.547194898    
   2.50499988       1.00069571      0.561090410    
   2.50999999       1.00353599      0.575046778    
   2.51499987       1.00644624      0.589064360    
   2.51999998       1.00942671      0.603143394    
   2.52499986       1.01247776      0.617284238    
   2.52999997       1.01559961      0.631487191    
   2.53499985       1.01879263      0.645752549    
   2.53999996       1.02205718      0.660080671    
   2.54500008       1.02539349      0.674471915    
   2.54999995       1.02880192      0.688926578    
   2.55500007       1.03228283      0.703445017    
   2.55999994       1.03583646      0.718027592    
   2.56500006       1.03946316      0.732674658    
   2.56999993       1.04316330      0.747386634    
   2.57500005       1.04693711      0.762163877    
   2.57999992       1.05078506      0.777006745    
   2.58500004       1.05470729      0.791915715    
   2.58999991       1.05870426      0.806891084    
   2.59500003       1.06277633      0.821933329    
   2.59999990       1.06692374      0.837042868    
   2.60500002       1.07114685      0.852220118    
   2.60999990       1.07544601      0.867465556    
   2.61500001       1.07982159      0.882779598    
   2.61999989       1.08427393      0.898162663    
   2.62500000       1.08880329      0.913615286    
   2.62999988       1.09341013      0.929137886    
   2.63499999       1.09809482      0.944730937    
   2.63999987       1.10285759      0.960394979    
   2.64499998       1.10769892      0.976130426    
   2.64999986       1.11261904      0.991937876    
   2.65499997       1.11761844       1.00781775    
   2.65999985       1.12269735       1.02377069    
   2.66499996       1.12785625       1.03979707    
   2.67000008       1.13309550       1.05589759    
   2.67499995       1.13841546       1.07207263    
   2.68000007       1.14381647       1.08832288    
   2.68499994       1.14929891       1.10464883    
   2.69000006       1.15486312       1.12105119    
   2.69499993       1.16050959       1.13753045    
   2.70000005       1.16623855       1.15408719    
   2.70499992       1.17205060       1.17072201    
   2.71000004       1.17794597       1.18743551    
   2.71499991       1.18392515       1.20422840    
   2.72000003       1.18998849       1.22110128    
   2.72499990       1.19613636       1.23805475    
   2.73000002       1.20236921       1.25508952    
   2.73499990       1.20868742       1.27220619    
   2.74000001       1.21509147       1.28940547    
   2.74499989       1.22158170       1.30668807    
   2.75000000       1.22815847       1.32405472    
   2.75499988       1.23482239       1.34150600    
   2.75999999       1.24157369       1.35904276    
   2.76499987       1.24841297       1.37666559    
   2.76999998       1.25534058       1.39437532    
   2.77499986       1.26235688       1.41217268    
   2.77999997       1.26946247       1.43005848    
   2.78499985       1.27665770       1.44803333    
   2.78999996       1.28394294       1.46609819    
   2.79500008       1.29131877       1.48425376    
   2.79999995       1.29878557       1.50250089    
   2.80500007       1.30634391       1.52084029    
   2.80999994       1.31399417       1.53927290    
   2.81500006       1.32173681       1.55779958    
   2.81999993       1.32957232       1.57642102    
   2.82500005       1.33750117       1.59513819    
   2.82999992       1.34552383       1.61395204    
   2.83500004       1.35364079       1.63286328    
   2.83999991       1.36185265       1.65187299    
   2.84500003       1.37015975       1.67098188    
   2.84999990       1.37856269       1.69019103    
   2.85500002       1.38706183       1.70950139    
   2.85999990       1.39565778       1.72891378    
   2.86500001       1.40435112       1.74842918    
   2.86999989       1.41314232       1.76804864    
   2.87500000       1.42203188       1.78777313    
   2.87999988       1.43102026       1.80760360    
   2.88499999       1.44010806       1.82754111    
   2.88999987       1.44929588       1.84758663    
   2.89499998       1.45858419       1.86774135    
   2.89999986       1.46797347       1.88800621    
   2.90499997       1.47746444       1.90838218    
   2.90999985       1.48705757       1.92887044    
   2.91499996       1.49675333       1.94947219    
   2.92000008       1.50655246       1.97018838    
   2.92499995       1.51645541       1.99102020    
   2.93000007       1.52646279       2.01196885    
   2.93499994       1.53657520       2.03303528    
   2.94000006       1.54679334       2.05422091    
   2.94499993       1.55711770       2.07552671    
   2.95000005       1.56754887       2.09695411    
   2.95499992       1.57808745       2.11850405    
   2.96000004       1.58873415       2.14017797    
   2.96499991       1.59948945       2.16197705    
   2.97000003       1.61035407       2.18390274    
   2.97499990       1.62132871       2.20595598    
   2.98000002       1.63241386       2.22813821    
   2.98499990       1.64361024       2.25045085    
   2.99000001       1.65491855       2.27289510    
   2.99499989       1.66633940       2.29547238    
   3.00000000       1.67787349       2.31818390    
