   1.01999998       1.95923507      -2.06029296    
   1.03999996       1.91759300      -2.10378432    
   1.05999994       1.87508917      -2.14645982    
   1.08000004       1.83174086      -2.18820906    
   1.10000002       1.78756773      -2.22892070    
   1.12000000       1.74259174      -2.26848340    
   1.13999999       1.69683683      -2.30678606    
   1.15999997       1.65032935      -2.34371853    
   1.17999995       1.60309792      -2.37917233    
   1.20000005       1.55517304      -2.41304088    
   1.22000003       1.50658751      -2.44522023    
   1.24000001       1.45737612      -2.47561026    
   1.25999999       1.40757561      -2.50411439    
   1.27999997       1.35722470      -2.53064036    
   1.29999995       1.30636382      -2.55510139    
   1.31999993       1.25503504      -2.57741594    
   1.34000003       1.20328200      -2.59750843    
   1.36000001       1.15114999      -2.61530972    
   1.38000000       1.09868538      -2.63075781    
   1.39999998       1.04593575      -2.64379787    
   1.41999996      0.992949843      -2.65438223    
   1.43999994      0.939777136      -2.66247153    
   1.46000004      0.886467874      -2.66803384    
   1.48000002      0.833072841      -2.67104554    
   1.50000000      0.779643178      -2.67149115    
   1.51999998      0.726230323      -2.66936326    
   1.53999996      0.672885776      -2.66466260    
   1.55999994      0.619660914      -2.65739799    
   1.58000004      0.566606820      -2.64758611    
   1.60000002      0.513774276      -2.63525105    
   1.62000000      0.461213410      -2.62042451    
   1.63999999      0.408973664      -2.60314488    
   1.65999997      0.357103676      -2.58345747    
   1.67999995      0.305651098      -2.56141376    
   1.69999993      0.254662454      -2.53707123    
   1.72000003      0.204183146      -2.51049256    
   1.74000001      0.154257208      -2.48174524    
   1.75999999      0.104927316      -2.45090127    
   1.77999997       5.62346354E-02  -2.41803670    
   1.79999995       8.21879506E-03  -2.38323092    
   1.81999993      -3.90821993E-02  -2.34656596    
   1.84000003      -8.56320038E-02  -2.30812645    
   1.86000001     -0.131395996      -2.26799846    
   1.88000000     -0.176341265      -2.22626996    
   1.89999998     -0.220436707      -2.18302917    
   1.91999996     -0.263652951      -2.13836527    
   1.93999994     -0.305962414      -2.09236693    
   1.96000004     -0.347339302      -2.04512286    
   1.98000002     -0.387759596      -1.99672031    
   2.00000000     -0.427200973      -1.94724560    
   2.01999998     -0.465642840      -1.89678347    
   2.03999996     -0.503066301      -1.84541678    
   2.05999994     -0.539454043      -1.79322624    
   2.07999992     -0.574790359      -1.74029005    
   2.09999990     -0.609061182      -1.68668389    
   2.11999989     -0.642253757      -1.63248062    
   2.13999987     -0.674356878      -1.57774997    
   2.16000009     -0.705360651      -1.52255869    
   2.18000007     -0.735256553      -1.46697032    
   2.20000005     -0.764037192      -1.41104496    
   2.22000003     -0.791696429      -1.35483944    
   2.24000001     -0.818229258      -1.29840708    
   2.25999999     -0.843631566      -1.24179780    
   2.27999997     -0.867900312      -1.18505812    
   2.29999995     -0.891033292      -1.12823117    
   2.31999993     -0.913029194      -1.07135653    
   2.33999991     -0.933887482      -1.01447058    
   2.35999990     -0.953608215     -0.957606316    
   2.37999988     -0.972192109     -0.900793612    
   2.39999986     -0.989640474     -0.844059110    
   2.42000008      -1.00595510     -0.787426412    
   2.44000006      -1.02113831     -0.730916202    
   2.46000004      -1.03519273     -0.674546242    
   2.48000002      -1.04812121     -0.618331552    
   2.50000000      -1.05992711     -0.562284470    
   2.51999998      -1.07061374     -0.506414771    
   2.53999996      -1.08018482     -0.450729758    
   2.55999994      -1.08864415     -0.395234406    
   2.57999992      -1.09599543     -0.339931428    
   2.59999990      -1.10224259     -0.284821421    
   2.61999989      -1.10738957     -0.229902923    
   2.63999987      -1.11144006     -0.175172552    
   2.65999985      -1.11439776     -0.120625079    
   2.68000007      -1.11626625      -6.62535354E-02
   2.70000005      -1.11704898      -1.20493127E-02
   2.72000003      -1.11674929       4.19977643E-02
   2.74000001      -1.11537004       9.58993286E-02
   2.75999999      -1.11291420      0.149668425    
   2.77999997      -1.10938418      0.203319415    
   2.79999995      -1.10478210      0.256867886    
   2.81999993      -1.09911001      0.310330600    
   2.83999991      -1.09236932      0.363725454    
   2.85999990      -1.08456123      0.417071342    
   2.87999988      -1.07568657      0.470388174    
   2.89999986      -1.06574571      0.523696840    
   2.92000008      -1.05473864      0.577019036    
   2.94000006      -1.04266477      0.630377352    
   2.96000004      -1.02952313      0.683795154    
   2.98000002      -1.01531243      0.737296522    
   3.00000000      -1.00003064      0.790906370    
