  0.246978417     -0.552908003    
  0.243769303     -0.563834906    
 -0.175234929     -0.373028845    
 -0.175036713     -0.373145640    
  0.110933095     -0.511986971    
  0.145297647     -0.619411647    
  0.241035655     -0.808573246    
  0.185694307      -1.13198376    
 -0.628213227      -1.60946584    
 -0.770502687      -1.58087933    
 -0.906474531      -1.52408886    
 -0.170053571      -1.44224691    
 -0.641893983      -1.17320728    
 -0.593889058      -1.38400996    
 -0.902712405     -0.379251331    
  -1.05297494      0.152443856    
 -0.674265385     -0.403949529    
 -0.732384861       3.08397431E-02
  -1.60359204     -0.107711837    
  -1.63539815     -0.463659704    
  -1.74523127     -0.280391663    
  -1.14323342     -0.204821736    
  -2.30385208     -0.171695828    
  -2.83204508     -0.372667372    
  -1.62312102      0.246441841    
  -2.36322093     -0.235682636    
  -2.51811361     -0.553250194    
  -2.58048248     -0.554103494    
  -2.28635025     -0.669961751    
  -1.22366691      -4.37979847E-02
 -0.295902342      0.517059743    
  0.630910516     -0.288829207    
   1.62686753      -1.26492286    
   1.46357536      -1.38863850    
   1.44124126     -0.996520162    
   1.43912852     -0.539423227    
   1.53022337     -0.466847628    
   2.40869355      -1.82350945    
   2.89472032      -2.50313306    
   3.11112857      -2.42044783    
   2.71089029      -2.25811410    
   2.67079377      -1.99117243    
   3.19063854      -3.12308693    
   3.28878856      -3.06463003    
   3.34436226      -3.01887274    
   3.35682607      -3.05297565    
   3.29629302      -2.98747635    
   3.50832725      -2.97613907    
   3.50637913      -2.98023534    
   4.25664330      -2.28965783    
   4.17514610      -2.29479361    
   4.12126017      -2.34963989    
   3.63305616      -2.48710775    
   3.77414227      -3.12306905    
   3.56564331      -2.32380342    
   5.37357521      -3.46210170    
   5.37635136      -3.27832842    
   6.11499262      -4.16120577    
   6.70375919      -1.81957066    
   6.81063890      -2.12644982    
   6.94376755      -1.90709198    
   5.31801987      -2.28597164    
   5.22087526     -0.566001534    
   4.76960659     -0.710262299    
   5.13918543     -0.953829288    
   6.20741940     -0.190383002    
   6.87608576      0.979088306    
   6.75920343      0.786060452    
   6.82742643       1.19574571    
   6.11895180      0.488528222    
   5.98694277      0.271964341    
   6.04072380      0.259579897    
   6.07547712      0.296073139    
   5.87111425      0.326654553    
   5.88548326      0.289260268    
   5.82952261      -8.90564770E-02
   5.97830009      -9.71288234E-02
   6.10750151     -0.108832344    
   6.13572884       8.85094702E-02
   6.20405388      0.106149115    
   6.77842474      0.878377914    
   6.71792269       1.25335097    
   6.71390486       1.00797606    
   5.79523659       2.47408700    
   5.92590523       2.58277869    
   6.10542774       2.04696178    
   6.59545231       2.11063313    
   5.55392694      0.793619335    
   5.50697851      0.953800201    
   5.11239100     -0.182576492    
   5.22394371     -0.251334637    
   5.31130075     -0.168201461    
   4.57033825      -1.80301082    
   4.68257666      -1.68867505    
   5.05623579      -1.73305047    
   5.49226618      -2.31612349    
   5.99230146      -2.41168714    
   5.75002909      -2.56675482    
   5.39514780      -3.93658066    
   4.62910414      -3.85867739    
   4.68370771      -3.97306800    
   6.01104307      -2.37433028    
   6.43764162      -1.60514164    
   6.38484716      -1.55499244    
   5.80337095      -1.14512932    
   6.07768345     -0.356993705    
   6.45215654     -0.663680196    
   5.97631311     -0.495861739    
   6.22192192     -0.740355432    
   6.00431252     -0.954906940    
   6.04242229      -1.07854497    
   5.84009743      -1.40053380    
   6.14353180      -1.76785457    
   6.12752676      -1.89467323    
   7.36375570      -2.21716928    
   7.80187464      -1.40491927    
   7.38704681      -1.07298112    
   7.31054878     -0.913800359    
   5.82997942      -2.21935749    
   5.79131889      -2.15216327    
   4.64731741      -1.69706643    
   4.81088305      -1.62380385    
   4.15892601      -1.89383554    
   4.16850805      -1.89399981    
   4.09205627      -1.78053451    
   4.32438898      -1.65789962    
   4.37918472      -1.67615867    
   5.07274246      -1.38325703    
   5.05829573      -1.50616324    
   5.05967951      -1.50055444    
   4.82278538      -1.55957389    
   5.07053709      -1.87454903    
   5.06953382      -1.85565364    
   6.55781412      -3.34832811    
   7.86238384      -2.95975995    
   7.85691166      -3.01799273    
   7.87347221      -3.00840592    
   7.64368534      -3.40300035    
   8.33855629      -4.29976177    
   8.21495247      -4.23166275    
   8.26745224      -4.61421108    
   8.25366020      -4.80404139    
   7.99223185      -4.87120390    
   7.68038893      -6.01889610    
   8.06602478      -5.89232063    
   7.63097906      -6.36092567    
   7.63048506      -6.37358093    
   8.06138611      -6.51100731    
   8.43640327      -6.57149792    
   6.84722471      -5.33419418    
   5.63330793      -4.41727877    
   6.88434410      -4.50968122    
   6.39259434      -3.47304940    
   5.51204395      -3.15375113    
   5.39093018      -3.11995578    
   6.04691744      -3.00961614    
   6.05610275      -3.02673578    
   5.83787203      -3.13223100    
   6.14533424      -3.46572232    
   6.25223446      -2.99937654    
   5.12614679      -4.01561594    
   4.61934900      -3.47065830    
   3.98079967      -4.03505039    
   4.34089470      -3.25691056    
   4.12895536      -3.08991885    
   4.28113365      -3.21717453    
   2.66711426      -2.15193343    
   2.23290205      -2.97392678    
   3.25278854      -3.08609295    
   3.28041530      -3.12324715    
   3.63950419      -2.78326559    
   3.56926179      -3.17648578    
   3.61648011      -3.14028239    
   3.32651186      -2.90942693    
   3.91187263      -2.52394557    
   3.13405037      -2.38724232    
   3.35559630      -2.00927329    
   3.65164900      -1.42381597    
   3.37674522      -1.30273664    
   2.69612336       5.15406281E-02
   2.78044868       2.73521692E-02
   2.74399638      0.277028978    
   2.32929993       9.81028602E-02
   2.63603759      -1.84698272E-02
   2.89050293     -0.130919725    
   2.48117375      0.309491515    
   2.19453835      0.670454681    
   2.24514389      0.766182363    
   2.36129355      0.700001180    
   4.11640310      0.710480988    
   4.07499647      0.710013866    
   3.84753728      0.766301572    
   3.74762416      0.895115912    
   3.56345248      0.278139383    
   3.71296906      0.894237578    
   2.29431224       1.51378798    
   2.75306749      0.835906386    
   1.91809261       1.68902171    
   1.24747455       1.00146973    
   1.22029269      0.968594551    
   1.22906888       1.00351441    
   1.15608835      0.837398112    
   2.19552922       2.23047018    
   2.76577687       4.30451441    
   1.23065770       4.76679468    
   2.15074658       4.77401590    
   2.05277443       5.01855659    
   2.22882223       4.59696627    
   2.18839359       4.70286083    
   2.63495779       4.91023588    
   2.84611893       5.02177000    
   2.88541675       4.96829033    
   2.70831370       5.02073145    
   3.02541208       4.66485500    
   2.40668678       1.12602723    
   2.38139033       1.17509496    
   2.42227888       1.41775453    
   2.11497736       1.73376834    
   2.01660419       2.72911215    
   2.28220797       2.03874421    
   2.56191754       2.02771974    
   2.64235115       1.99210370    
   3.65934587       1.72612095    
   3.61967874       1.73682284    
   3.41291881       1.71421754    
   3.83946228       1.72752261    
   3.84196496       1.96417677    
   4.72555447       2.18020749    
   5.28014278       2.80316544    
   4.89963007       2.31441617    
   5.79849863       1.97591567    
   5.69673967       1.67331707    
   4.94760561       2.87379956    
   4.61033440       3.13682151    
   4.58836508       3.17284608    
   4.44561529       2.95438957    
   4.32933664       2.48067212    
   4.20172882       2.62032533    
   4.33487225       2.20609760    
   4.33816433       2.18831038    
   4.55803680       3.39803243    
   4.62118340       2.74343777    
   4.62643719       2.78030825    
   4.02420139       2.81887984    
   3.48405552       3.35424089    
   3.13320327       4.29639673    
   2.90537024       4.48011827    
   2.85212469       4.15474033    
   1.31524968       3.09265518    
   1.39433956       3.00882888    
   1.03184593       3.27219319    
   1.30737329       2.64864945    
   1.32648754       2.62613368    
   1.06148016       2.90588498    
   1.02529728       2.91461468    
  0.990321875       3.01135874    
  0.931516886       3.92778397    
   1.47697055       4.20167971    
   2.04005599       4.89914322    
   2.15505981       4.87591314    
   3.05778718       3.40824056    
   3.17253065       3.47089958    
   3.27171659       3.44400549    
   3.58615398       2.35956764    
   3.03026223       2.78888106    
   4.82783031       2.99612927    
   5.23581123       2.95082378    
   5.01445246       3.13103127    
   5.08138275       3.20967817    
   5.66658831       3.50535226    
   6.62760544       3.96218801    
   7.75218678       3.74399519    
   7.94058228       3.61507154    
   8.53653336       2.32878208    
   8.80112076       2.44586062    
   8.70430660       2.10955667    
   7.41413355       1.77199090    
   6.88021564      0.994411409    
   6.51329231       1.14812458    
   6.91563749      0.674209356    
   6.90296602      0.690412581    
   7.08397436       1.03081286    
   6.92004299      0.696349800    
   6.89436817      0.664695501    
   7.02483749      0.746813655    
   6.96051550      0.581423700    
   7.83274031       2.27771974    
   7.85868454       2.44740486    
   7.89794159       2.39983678    
   8.80757427       2.36912775    
   8.73574924       2.98287988    
   10.4297352       3.32182884    
   10.6680918       2.81357336    
   10.5679903       2.89256597    
   10.8969059       3.52611256    
   11.5185690       3.17015910    
   12.5137110       2.57509899    
   13.1000195       2.23803711    
   13.3324537       1.78972423    
   13.5111971      0.912479281    
   12.3102913       1.74888813    
   12.3680544       1.76868975    
   10.3281584      0.633026779    
   9.91234398       1.19063282    
   10.3610592       1.19249332    
   10.4308500      0.854335248    
   10.6385832      -3.10835409    
   10.7132063      -3.20114064    
   10.0528755      -3.54010201    
   9.78394985      -3.52444220    
   9.73267174      -4.33271599    
   10.2464743      -4.35549974    
   10.1883154      -4.23954439    
   10.2865400      -4.01694155    
   10.2482376      -3.97830343    
   10.1801653      -3.95171094    
   9.67671299      -3.29484272    
   9.51268196      -3.76994300    
   9.56489754      -3.65785432    
   9.56296539      -3.67197990    
   10.5661697      -3.47322679    
   10.3787317      -3.56314135    
   9.45103550      -4.71253777    
   7.71607256      -4.58633995    
   8.22598934      -5.23081493    
   8.17982197      -5.26311922    
   7.54077721      -5.30135870    
   7.41179466      -5.36128235    
   7.41284132      -5.17899656    
   7.54024076      -5.21912575    
   7.21964502      -6.21107006    
   7.19605970      -6.15424728    
   7.10011387      -5.75773573    
   6.96478653      -7.33833075    
   6.81237984      -7.53382349    
   6.84693336      -7.50478458    
   6.68924189      -7.79283667    
   6.83626556      -8.22673893    
   6.72303009      -8.45483685    
   7.24737930      -8.74529648    
   7.21174192      -8.78491688    
   7.07890606      -8.97842789    
   6.67062664      -9.21455097    
   6.93776941      -8.77447414    
   7.07017040      -8.99516201    
   7.72493744      -8.62753963    
   7.50004530      -9.07085609    
   7.58111858      -8.69256783    
   7.78019524      -7.88366556    
   7.81669617      -8.05342007    
   8.49151421      -7.84167242    
   7.49210787      -7.78876734    
   7.63649607      -8.27798939    
   8.42365742      -7.15687704    
   8.44387245      -7.16995478    
   8.69802189      -6.70811605    
   8.58757496      -6.75454140    
   8.25187016      -6.23881912    
   8.23966217      -6.25085878    
   8.18101692      -3.91710019    
   7.34882402      -4.26977444    
   7.05410862      -4.04167557    
   7.33638477      -3.90544724    
   7.48913097      -3.48513150    
   6.86110449      -3.80737352    
   7.11357641      -3.10826731    
   7.12847710      -3.06211042    
   6.80972052      -2.70544124    
   5.39945173      -3.01076722    
   5.33285904      -2.51148582    
   5.63701820      -2.71321869    
   5.69283724      -2.82747698    
   5.07143068      -3.60898280    
   5.14244032      -3.72879958    
   5.44084549      -3.43072629    
   5.86850739      -3.29714036    
   5.40064526      -2.64598799    
   6.36572123      -3.17449355    
   5.81695032      -3.70979595    
   5.88057899      -3.75608349    
   5.58006382      -3.85247779    
   5.88541412      -3.59886813    
   5.77593088      -3.64470720    
   5.73064232      -3.61669636    
   5.66926813      -3.66715479    
   5.25585556      -2.83118486    
   5.17856026      -2.83439374    
   5.21654940      -2.81142712    
   5.21564770      -2.67259312    
   5.51784754      -1.88980258    
   5.50635624      -1.88757563    
   5.71880817      -2.11750007    
   5.91185760      -2.31350541    
   5.93001461      -2.36678672    
   5.90646219      -2.27738690    
   6.22980690      -2.17935109    
   7.66261959      -2.94647312    
   8.18372536      -2.24945545    
   7.49850273      -1.86096597    
   7.77225637      -1.72530210    
   8.21658897      -1.85362148    
   8.21451283      -1.91515279    
   8.21042442      -1.87903690    
   8.53906631      -1.92334998    
   8.77882957      -1.67656136    
   8.76066685      -1.64384770    
   9.34567833      -2.44350457    
   9.22024632      -2.37252522    
   9.21943092      -2.37135434    
   9.29610348      -2.46255016    
   10.3757429      -2.59654379    
   8.40771294      -2.49983716    
   8.52242661      -3.14008617    
   9.07747173      -3.21760464    
   9.12343597      -3.06776237    
   9.29720306      -3.92329478    
   10.5560169      -3.08553481    
   10.6113615      -3.18479252    
   10.5818100      -3.22540045    
   10.6607695      -3.28849101    
   10.6689672      -3.18810821    
   10.4993401      -2.69433379    
   10.6769562      -1.89509428    
   10.5637732      -2.10003328    
   10.4144764      -2.03314018    
   10.3484831      -1.97324872    
   9.70032120      -1.67002928    
   9.56175518      -1.76123965    
   9.63513279      -2.19103336    
   8.54848862      -1.39535308    
   8.54059696      -1.20704865    
   9.38135529      -2.00366592    
   7.96808195     -0.897751927    
   7.13865328      0.196640685    
   7.00169277       8.23727623E-02
   7.15710211      0.182993650    
   7.47105312      0.775823295    
   7.58197880      0.790445209    
   7.64323854      0.928203404    
   7.79194450       1.19289446    
   8.03740501       3.04636621    
   8.02587032       3.04100513    
   7.36586857       2.96692204    
   7.04298639       2.46383357    
   6.04533386       3.55984330    
   6.04651451       3.56225586    
   5.68700123       3.08432198    
   5.82125807       3.20340753    
   6.33179855       3.19807982    
   6.29803228       3.23714161    
   6.09283829       3.30420089    
   6.26985931       3.84457445    
   5.62677956       3.71245527    
   5.68332291       3.75628209    
   5.50762987       3.95218921    
   5.51522303       3.94838977    
   5.99223375       3.82035542    
   6.83132172       4.40968084    
   6.77737856       4.01677895    
   6.71958351       4.06201696    
   7.08182001       3.33952594    
   6.47311592       2.79563403    
   5.30197001       2.26565671    
   5.85001326       1.89381695    
   5.53327179       3.20205235    
   5.51216269       3.09088087    
   5.43532085       3.04786253    
   5.31119442       2.84928226    
   5.37362099       2.30651450    
   5.38272429       2.27365470    
   5.71288824       2.21550345    
   6.57992697       1.32731104    
   6.74365473      -2.06749082    
   6.74349260      -2.06131482    
   6.64266634      -1.96577501    
   6.79834223      -1.58088946    
   6.25941467      -1.16116476    
   6.11360121     -0.246049151    
   6.35603952     -0.148684219    
   6.31175804      0.107154034    
   6.00297928      0.920020700    
   6.27026224       1.02732468    
   6.31856585      0.567720652    
   6.36842823      0.606249690    
   7.34255075      0.816513598    
   7.01368523       1.59975076    
   6.98825693       1.60589719    
   6.91034079       1.61673391    
   5.80330133       1.27149689    
   6.93033934       2.53387690    
   6.74667025       2.45602155    
   6.65350819       2.21032643    
   6.37761497       2.12247443    
   6.37760019       2.12266994    
   6.58177614       2.23216963    
   6.41581774       2.10497332    
   6.16440582       2.61556911    
   6.15541363       2.58112407    
   5.48102760       3.65688610    
   5.74126339       3.41065359    
