   0.0000000000000000        0.0000000000000000     
  0.50000000000000000        0.0000000000000000     
   1.0000000000000000        0.0000000000000000     
   1.5000000000000000        0.0000000000000000     
   2.0000000000000000        0.0000000000000000     
   2.5000000000000000        0.0000000000000000     
   3.0000000000000000        0.0000000000000000     
   3.5000000000000000        0.0000000000000000     
   4.0000000000000000        0.0000000000000000     
   4.5000000000000000        0.0000000000000000     
   5.0000000000000000        0.0000000000000000     
   5.5000000000000000        0.0000000000000000     
   6.0000000000000000        0.0000000000000000     
   6.5000000000000000        0.0000000000000000     
   7.0000000000000000        0.0000000000000000     
   7.5000000000000000        0.0000000000000000     
   8.0000000000000000        0.0000000000000000     
   8.5000000000000000        0.0000000000000000     
   9.0000000000000000        0.0000000000000000     
   9.5000000000000000        0.0000000000000000     
   10.000000000000000        0.0000000000000000     
   10.500000000000000        0.0000000000000000     
   11.000000000000000        0.0000000000000000     
   11.500000000000000        0.0000000000000000     
   12.000000000000000        0.0000000000000000     
   12.500000000000000        0.0000000000000000     
   13.000000000000000        0.0000000000000000     
   13.500000000000000        0.0000000000000000     
   14.000000000000000        0.0000000000000000     
   14.500000000000000        0.0000000000000000     
   15.000000000000000        0.0000000000000000     
   15.500000000000000        0.0000000000000000     
   16.000000000000000        0.0000000000000000     
   16.500000000000000        0.0000000000000000     
   17.000000000000000        0.0000000000000000     
   17.500000000000000        0.0000000000000000     
   18.000000000000000        0.0000000000000000     
   18.500000000000000        0.0000000000000000     
   19.000000000000000        0.0000000000000000     
   19.500000000000000        0.0000000000000000     
   20.000000000000000        0.0000000000000000     
   20.500000000000000        0.0000000000000000     
   21.000000000000000        0.0000000000000000     
   21.500000000000000        0.0000000000000000     
   22.000000000000000        0.0000000000000000     
   22.500000000000000        0.0000000000000000     
   23.000000000000000        0.0000000000000000     
   23.500000000000000        0.0000000000000000     
   24.000000000000000        0.0000000000000000     
   24.500000000000000        0.0000000000000000     
   25.000000000000000        0.0000000000000000     
   25.500000000000000        0.0000000000000000     
   26.000000000000000        0.0000000000000000     
   26.500000000000000        0.0000000000000000     
   27.000000000000000        0.0000000000000000     
   27.500000000000000        0.0000000000000000     
   28.000000000000000        0.0000000000000000     
   28.500000000000000        0.0000000000000000     
   29.000000000000000        0.0000000000000000     
   29.500000000000000        0.0000000000000000     
   30.000000000000000        0.0000000000000000     
   30.500000000000000        0.0000000000000000     
   31.000000000000000        0.0000000000000000     
   31.500000000000000        0.0000000000000000     
   32.000000000000000        0.0000000000000000     
   32.500000000000000        0.0000000000000000     
   33.000000000000000        0.0000000000000000     
   33.500000000000000        0.0000000000000000     
   34.000000000000000        0.0000000000000000     
   34.500000000000000        0.0000000000000000     
   35.000000000000000        0.0000000000000000     
   35.500000000000000        0.0000000000000000     
   36.000000000000000        0.0000000000000000     
   36.500000000000000        0.0000000000000000     
   37.000000000000000        0.0000000000000000     
   37.500000000000000        0.0000000000000000     
   38.000000000000000        0.0000000000000000     
   38.500000000000000        0.0000000000000000     
   39.000000000000000        0.0000000000000000     
   39.500000000000000        0.0000000000000000     
   40.000000000000000        0.0000000000000000     
   40.500000000000000        0.0000000000000000     
   41.000000000000000        0.0000000000000000     
   41.500000000000000        0.0000000000000000     
   42.000000000000000        0.0000000000000000     
   42.500000000000000        0.0000000000000000     
   43.000000000000000        0.0000000000000000     
   43.500000000000000        0.0000000000000000     
   44.000000000000000        0.0000000000000000     
   44.500000000000000        0.0000000000000000     
   45.000000000000000        0.0000000000000000     
   45.500000000000000        0.0000000000000000     
   46.000000000000000        0.0000000000000000     
   46.500000000000000        0.0000000000000000     
   47.000000000000000        0.0000000000000000     
   47.500000000000000        0.0000000000000000     
   48.000000000000000        0.0000000000000000     
   48.500000000000000        0.0000000000000000     
   49.000000000000000        0.0000000000000000     
   49.500000000000000        0.0000000000000000     
   50.000000000000000        0.0000000000000000     
   50.500000000000000        0.0000000000000000     
   51.000000000000000        0.0000000000000000     
   51.500000000000000        0.0000000000000000     
   52.000000000000000        0.0000000000000000     
   52.500000000000000        0.0000000000000000     
   53.000000000000000        0.0000000000000000     
   53.500000000000000        0.0000000000000000     
   54.000000000000000        0.0000000000000000     
   54.500000000000000        0.0000000000000000     
   55.000000000000000        0.0000000000000000     
   55.500000000000000        0.0000000000000000     
   56.000000000000000        0.0000000000000000     
   56.500000000000000        0.0000000000000000     
   57.000000000000000        0.0000000000000000     
   57.500000000000000        0.0000000000000000     
   58.000000000000000        0.0000000000000000     
   58.500000000000000        0.0000000000000000     
   59.000000000000000        0.0000000000000000     
   59.500000000000000        0.0000000000000000     
   60.000000000000000        0.0000000000000000     
   60.500000000000000        0.0000000000000000     
   61.000000000000000        0.0000000000000000     
   61.500000000000000        0.0000000000000000     
   62.000000000000000        0.0000000000000000     
   62.500000000000000        0.0000000000000000     
   63.000000000000000        0.0000000000000000     
   63.500000000000000        0.0000000000000000     
   64.000000000000000        0.0000000000000000     
   64.500000000000000        0.0000000000000000     
   65.000000000000000        0.0000000000000000     
   65.500000000000000        0.0000000000000000     
   66.000000000000000        0.0000000000000000     
   66.500000000000000        0.0000000000000000     
   67.000000000000000        0.0000000000000000     
   67.500000000000000        0.0000000000000000     
   68.000000000000000        0.0000000000000000     
   68.500000000000000        0.0000000000000000     
   69.000000000000000        0.0000000000000000     
   69.500000000000000        0.0000000000000000     
   70.000000000000000        0.0000000000000000     
   70.500000000000000        0.0000000000000000     
   71.000000000000000        0.0000000000000000     
   71.500000000000000        0.0000000000000000     
   72.000000000000000        0.0000000000000000     
   72.500000000000000        0.0000000000000000     
   73.000000000000000        0.0000000000000000     
   73.500000000000000        0.0000000000000000     
   74.000000000000000        0.0000000000000000     
   74.500000000000000        0.0000000000000000     
   75.000000000000000        0.0000000000000000     
   75.500000000000000        0.0000000000000000     
   76.000000000000000        0.0000000000000000     
   76.500000000000000        0.0000000000000000     
   77.000000000000000        0.0000000000000000     
   77.500000000000000        0.0000000000000000     
   78.000000000000000        0.0000000000000000     
   78.500000000000000        0.0000000000000000     
   79.000000000000000        0.0000000000000000     
   79.500000000000000        0.0000000000000000     
   80.000000000000000        0.0000000000000000     
   80.500000000000000        0.0000000000000000     
   81.000000000000000        0.0000000000000000     
   81.500000000000000        0.0000000000000000     
   82.000000000000000        0.0000000000000000     
   82.500000000000000        0.0000000000000000     
   83.000000000000000        0.0000000000000000     
   83.500000000000000        0.0000000000000000     
   84.000000000000000        0.0000000000000000     
   84.500000000000000        0.0000000000000000     
   85.000000000000000        0.0000000000000000     
   85.500000000000000        0.0000000000000000     
   86.000000000000000        0.0000000000000000     
   86.500000000000000        0.0000000000000000     
   87.000000000000000        0.0000000000000000     
   87.500000000000000        0.0000000000000000     
   88.000000000000000        0.0000000000000000     
   88.500000000000000        0.0000000000000000     
   89.000000000000000        0.0000000000000000     
   89.500000000000000        0.0000000000000000     
   90.000000000000000        0.0000000000000000     
   90.500000000000000        0.0000000000000000     
   91.000000000000000        0.0000000000000000     
   91.500000000000000        0.0000000000000000     
   92.000000000000000        0.0000000000000000     
   92.500000000000000        0.0000000000000000     
   93.000000000000000        0.0000000000000000     
   93.500000000000000        0.0000000000000000     
   94.000000000000000        0.0000000000000000     
   94.500000000000000        0.0000000000000000     
   95.000000000000000        0.0000000000000000     
   95.500000000000000        0.0000000000000000     
   96.000000000000000        0.0000000000000000     
   96.500000000000000        0.0000000000000000     
   97.000000000000000        0.0000000000000000     
   97.500000000000000        0.0000000000000000     
   98.000000000000000        0.0000000000000000     
   98.500000000000000        0.0000000000000000     
   99.000000000000000        0.0000000000000000     
   99.500000000000000        0.0000000000000000     
   100.00000000000000        0.0000000000000000     
   100.50000000000000        0.0000000000000000     
   101.00000000000000        0.0000000000000000     
   101.50000000000000        0.0000000000000000     
   102.00000000000000        0.0000000000000000     
   102.50000000000000        0.0000000000000000     
   103.00000000000000        0.0000000000000000     
   103.50000000000000        0.0000000000000000     
   104.00000000000000        0.0000000000000000     
   104.50000000000000        0.0000000000000000     
   105.00000000000000        0.0000000000000000     
   105.50000000000000        0.0000000000000000     
   106.00000000000000        0.0000000000000000     
   106.50000000000000        0.0000000000000000     
   107.00000000000000        0.0000000000000000     
   107.50000000000000        0.0000000000000000     
   108.00000000000000        0.0000000000000000     
   108.50000000000000        0.0000000000000000     
   109.00000000000000        0.0000000000000000     
   109.50000000000000        0.0000000000000000     
   110.00000000000000        0.0000000000000000     
   110.50000000000000        0.0000000000000000     
   111.00000000000000        0.0000000000000000     
   111.50000000000000        0.0000000000000000     
   112.00000000000000        0.0000000000000000     
   112.50000000000000        0.0000000000000000     
   113.00000000000000        0.0000000000000000     
   113.50000000000000        0.0000000000000000     
   114.00000000000000        0.0000000000000000     
   114.50000000000000        0.0000000000000000     
   115.00000000000000        0.0000000000000000     
   115.50000000000000        0.0000000000000000     
   116.00000000000000        0.0000000000000000     
   116.50000000000000        0.0000000000000000     
   117.00000000000000        0.0000000000000000     
   117.50000000000000        0.0000000000000000     
   118.00000000000000        0.0000000000000000     
   118.50000000000000        0.0000000000000000     
   119.00000000000000        0.0000000000000000     
   119.50000000000000        0.0000000000000000     
   120.00000000000000        0.0000000000000000     
   120.50000000000000        0.0000000000000000     
   121.00000000000000        0.0000000000000000     
   121.50000000000000        0.0000000000000000     
   122.00000000000000        0.0000000000000000     
   122.50000000000000        0.0000000000000000     
   123.00000000000000        0.0000000000000000     
   123.50000000000000        0.0000000000000000     
   124.00000000000000        0.0000000000000000     
   124.50000000000000        0.0000000000000000     
   125.00000000000000        0.0000000000000000     
   125.50000000000000        0.0000000000000000     
   126.00000000000000        0.0000000000000000     
   126.50000000000000        0.0000000000000000     
   127.00000000000000        0.0000000000000000     
   127.50000000000000        0.0000000000000000     
   128.00000000000000        0.0000000000000000     
   128.50000000000000        0.0000000000000000     
   129.00000000000000        0.0000000000000000     
   129.50000000000000        0.0000000000000000     
   130.00000000000000        0.0000000000000000     
   130.50000000000000        0.0000000000000000     
   131.00000000000000        0.0000000000000000     
   131.50000000000000        0.0000000000000000     
   132.00000000000000        0.0000000000000000     
   132.50000000000000        0.0000000000000000     
   133.00000000000000        0.0000000000000000     
   133.50000000000000        0.0000000000000000     
   134.00000000000000        0.0000000000000000     
   134.50000000000000        0.0000000000000000     
   135.00000000000000        0.0000000000000000     
   135.50000000000000        0.0000000000000000     
   136.00000000000000        0.0000000000000000     
   136.50000000000000        0.0000000000000000     
   137.00000000000000        0.0000000000000000     
   137.50000000000000        0.0000000000000000     
   138.00000000000000        0.0000000000000000     
   138.50000000000000        0.0000000000000000     
   139.00000000000000        0.0000000000000000     
   139.50000000000000        0.0000000000000000     
   140.00000000000000        0.0000000000000000     
   140.50000000000000        0.0000000000000000     
   141.00000000000000        0.0000000000000000     
   141.50000000000000        0.0000000000000000     
   142.00000000000000        0.0000000000000000     
   142.50000000000000        0.0000000000000000     
   143.00000000000000        0.0000000000000000     
   143.50000000000000        0.0000000000000000     
   144.00000000000000        0.0000000000000000     
   144.50000000000000        0.0000000000000000     
   145.00000000000000        0.0000000000000000     
   145.50000000000000        0.0000000000000000     
   146.00000000000000        0.0000000000000000     
   146.50000000000000        0.0000000000000000     
   147.00000000000000        0.0000000000000000     
   147.50000000000000        0.0000000000000000     
   148.00000000000000        0.0000000000000000     
   148.50000000000000        0.0000000000000000     
   149.00000000000000        0.0000000000000000     
   149.50000000000000        0.0000000000000000     
   150.00000000000000        0.0000000000000000     
   150.50000000000000        0.0000000000000000     
   151.00000000000000        0.0000000000000000     
   151.50000000000000        0.0000000000000000     
   152.00000000000000        0.0000000000000000     
   152.50000000000000        0.0000000000000000     
   153.00000000000000       -1.3877787807814457E-017
   153.50000000000000        0.0000000000000000     
   154.00000000000000       -2.7755575615628914E-017
   154.50000000000000       -2.7755575615628914E-017
   155.00000000000000       -1.1102230246251565E-016
   155.50000000000000       -2.2204460492503131E-016
   156.00000000000000       -5.5511151231257827E-016
   156.50000000000000       -1.2212453270876722E-015
   157.00000000000000       -2.8033131371785203E-015
   157.50000000000000       -6.2172489379008766E-015
   158.00000000000000       -1.3780643293159756E-014
   158.50000000000000       -3.0059288391726113E-014
   159.00000000000000       -6.5017435879610730E-014
   159.50000000000000       -1.3895828931964616E-013
   160.00000000000000       -2.9400093470854927E-013
   160.50000000000000       -6.1525784467164613E-013
   161.00000000000000       -1.2740086763329828E-012
   161.50000000000000       -2.6097457528351242E-012
   162.00000000000000       -5.2889775892239754E-012
   162.50000000000000       -1.0603892763860756E-011
   163.00000000000000       -2.1031967833984311E-011
   163.50000000000000       -4.1266892680802414E-011
   164.00000000000000       -8.0098497279301739E-011
   164.50000000000000       -1.5379303386353627E-010
   165.00000000000000       -2.9209847041133941E-010
   165.50000000000000       -5.4877130617470016E-010
   166.00000000000000       -1.0197934718902957E-009
   166.50000000000000       -1.8744774205048387E-009
   167.00000000000000       -3.4078733029963004E-009
   167.50000000000000       -6.1278673385567473E-009
   168.00000000000000       -1.0897951346899859E-008
   168.50000000000000       -1.9167974762979156E-008
   169.00000000000000       -3.3341801042308106E-008
   169.50000000000000       -5.7354597599035273E-008
   170.00000000000000       -9.7565868314997140E-008
   170.50000000000000       -1.6411996556220387E-007
   171.00000000000000       -2.7298652818807945E-007
   171.50000000000000       -4.4897158102408241E-007
   172.00000000000000       -7.3008744691516192E-007
   172.50000000000000       -1.1737856496774057E-006
   173.00000000000000       -1.8656877034672892E-006
   173.50000000000000       -2.9315848864147620E-006
   174.00000000000000       -4.5536032867304899E-006
   174.50000000000000       -6.9915186143298946E-006
   175.00000000000000       -1.0610219358761497E-005
   175.50000000000000       -1.5914207785683310E-005
   176.00000000000000       -2.3589736199855493E-005
   176.50000000000000       -3.4554634311012578E-005
   177.00000000000000       -5.0015027084848729E-005
   177.50000000000000       -7.1526919691505819E-005
   178.00000000000000       -1.0105901725841748E-004
   178.50000000000000       -1.4105118596639821E-004
   179.00000000000000       -1.9446076043101723E-004
   179.50000000000000       -2.6478667240789622E-004
   180.00000000000000       -3.5605944427893887E-004
   180.50000000000000       -4.7278389654262232E-004
   181.00000000000000       -6.1982148558054062E-004
   181.50000000000000       -8.0220106408881997E-004
   182.00000000000000       -1.0248510147968098E-003
   182.50000000000000       -1.2922524147280234E-003
   183.00000000000000       -1.6080220526788896E-003
   183.50000000000000       -1.9744451660726331E-003
   184.00000000000000       -2.3919895359467008E-003
   184.50000000000000       -2.8588433939688573E-003
   185.00000000000000       -3.3705274069813079E-003
   185.50000000000000       -3.9196337428495653E-003
   186.00000000000000       -4.4957412477362180E-003
   186.50000000000000       -5.0855443518832144E-003
   187.00000000000000       -5.6732150214895971E-003
   187.50000000000000       -6.2409938406428056E-003
   188.00000000000000       -6.7699812702158996E-003
   188.50000000000000       -7.2410770451307310E-003
   189.00000000000000       -7.6359981496953722E-003
   189.50000000000000       -7.9382965472327288E-003
   190.00000000000000       -8.1342980482791150E-003
   190.50000000000000       -8.2138929184446818E-003
   191.00000000000000       -8.1711251229507342E-003
   191.50000000000000       -8.0045476072117955E-003
   192.00000000000000       -7.7173325708498469E-003
   192.50000000000000       -7.3171454951354020E-003
   193.00000000000000       -6.8158076897188169E-003
   193.50000000000000       -6.2287832448465613E-003
   194.00000000000000       -5.5745323286930659E-003
   194.50000000000000       -4.8737742803070111E-003
   195.00000000000000       -4.1487018763802230E-003
   195.50000000000000       -3.4221836253431198E-003
   196.00000000000000       -2.7169850589000288E-003
   196.50000000000000       -2.0550336720919909E-003
   197.00000000000000       -1.4567460985087377E-003
   197.50000000000000       -9.4043074790108039E-004
   198.00000000000000       -5.2177471828514232E-004
   198.50000000000000       -2.1342039633757970E-004
   199.00000000000000       -2.4634732426490058E-005
   199.50000000000000        3.8927402454050353E-005
   200.00000000000000       -2.4634732426490058E-005
   200.50000000000000        2.0220547171763414E-004
   201.00000000000000        5.7411301282644933E-004
   201.50000000000000        8.9519818571136278E-004
   202.00000000000000        1.4636072026991825E-003
   202.50000000000000        2.0773723308358388E-003
   203.00000000000000        2.6971980363314635E-003
   203.50000000000000        3.4202339369897444E-003
   204.00000000000000        4.1639652164378871E-003
   204.50000000000000        4.8653293701592520E-003
   205.00000000000000        5.5684708774587088E-003
   205.50000000000000        6.2391598759185957E-003
   206.00000000000000        6.8139630769246257E-003
   206.50000000000000        7.3100196802565048E-003
   207.00000000000000        7.7233572229597203E-003
   207.50000000000000        8.0065836119760370E-003
   208.00000000000000        8.1648170202166664E-003
   208.50000000000000        8.2161893507871758E-003
   209.00000000000000        8.1381927460733583E-003
   209.50000000000000        7.9338522739421657E-003
   210.00000000000000        7.6354694192666550E-003
   210.50000000000000        7.2452737567619829E-003
   211.00000000000000        6.7677657222893067E-003
   211.50000000000000        6.2387200583422300E-003
   212.00000000000000        5.6766260366106769E-003
   212.50000000000000        5.0853809308562120E-003
   213.00000000000000        4.4928036441889072E-003
   213.50000000000000        3.9216628430985001E-003
   214.00000000000000        3.3718670224413064E-003
   214.50000000000000        2.8561523996166217E-003
   215.00000000000000        2.3925056195560589E-003
   215.50000000000000        1.9765575080998299E-003
   216.00000000000000        1.6061926125538611E-003
   216.50000000000000        1.2915008190702709E-003
   217.00000000000000        1.0270110367255805E-003
   217.50000000000000        8.0149825902542382E-004
   218.00000000000000        6.1828695428912343E-004
   218.50000000000000        4.7442305684647617E-004
   219.00000000000000        3.5641884851617990E-004
   219.50000000000000        2.6303607551842910E-004
   220.00000000000000        1.9525965400384818E-004
   220.50000000000000        1.4216159940719101E-004
   221.00000000000000        9.9595932952088913E-005
   221.50000000000000        7.1439081744621995E-005
   222.00000000000000        5.1438900042259802E-005
   222.50000000000000        3.3713338659456158E-005
   223.00000000000000        2.2801422953491648E-005
   223.50000000000000        1.7215368900838293E-005
   224.00000000000000        1.0505827167081204E-005
   224.50000000000000        5.8352784843201320E-006
   225.00000000000000        5.4035061964140924E-006
   225.50000000000000        3.4692399205085058E-006
   226.00000000000000        7.1356673392386028E-007
   226.50000000000000        1.4154415640376358E-006
   227.00000000000000        1.6627434822376488E-006
   227.50000000000000       -3.8728080286545179E-007
   228.00000000000000       -6.6301029782407647E-008
   228.50000000000000        1.1786880118086980E-006
   229.00000000000000       -2.4164051570849272E-007
   229.50000000000000       -6.8578951945134220E-007
   230.00000000000000        8.4080947048681430E-007
   230.50000000000000        1.9980362834985844E-007
   231.00000000000000       -8.7639054419467527E-007
   231.50000000000000        4.1320227222428898E-007
   232.00000000000000        5.8426226382625361E-007
   232.50000000000000       -7.6632037209641614E-007
   233.00000000000000       -5.2082010893975274E-008
   233.50000000000000        7.6985632406094539E-007
   234.00000000000000       -4.5185425121457031E-007
   234.50000000000000       -4.4078357061932364E-007
   235.00000000000000        7.2169722659916253E-007
   235.50000000000000       -4.9364241391355167E-008
   236.00000000000000       -6.5984771814708304E-007
   236.50000000000000        4.7934577436334244E-007
   237.00000000000000        3.1986777995310043E-007
   237.50000000000000       -6.7001280773810252E-007
   238.00000000000000        1.3134578642701237E-007
   238.50000000000000        5.5839409333493513E-007
   239.00000000000000       -4.9227059049348094E-007
   239.50000000000000       -2.1499044402851948E-007
   240.00000000000000        6.1509186575290045E-007
   240.50000000000000       -1.9607806240110047E-007
   241.00000000000000       -4.6444024535657391E-007
   241.50000000000000        4.9372344101573845E-007
   242.00000000000000        1.2429706881531246E-007
   242.50000000000000       -5.5816299416166791E-007
   243.00000000000000        2.4621641665152865E-007
   243.50000000000000        3.7766946084132841E-007
   244.00000000000000       -4.8587003631384510E-007
   244.50000000000000       -4.6188015114747346E-008
   245.00000000000000        5.0027954951801172E-007
   245.50000000000000       -2.8384129054547217E-007
   246.00000000000000       -2.9781442650936480E-007
   246.50000000000000        4.7046878397715768E-007
   247.00000000000000       -2.0624967494085403E-008
   247.50000000000000       -4.4230110194212172E-007
   248.00000000000000        3.1065653628362966E-007
   248.50000000000000        2.2465846091480789E-007
   249.00000000000000       -4.4897394034036921E-007
   249.50000000000000        7.7211492609985999E-008
   250.00000000000000        3.8494486536256978E-007
   250.50000000000000       -8.3847523452360384E-007
   251.00000000000000        1.2924157644440724E-006
   251.50000000000000       -1.7533671519988369E-006
   252.00000000000000        2.2242135612141505E-006
   252.50000000000000       -2.7027888249426828E-006
   253.00000000000000        3.1804977707844868E-006
   253.50000000000000       -3.6409619763311125E-006
   254.00000000000000        4.0588377671456493E-006
   254.50000000000000       -4.3990480527849945E-006
   255.00000000000000        4.6167722295689084E-006
   255.50000000000000       -4.6586365393967988E-006
   256.00000000000000        4.4656172451917342E-006
   256.50000000000000       -3.9781772368123989E-006
   257.00000000000000        3.1440530308434900E-006
   257.50000000000000       -1.9288489101273228E-006
   258.00000000000000        3.2909901503614340E-007
   258.50000000000000        1.6132401964100179E-006
   259.00000000000000       -3.7969684300253901E-006
   259.50000000000000        6.0514933843743785E-006
   260.00000000000000       -8.1349802554941625E-006
   260.50000000000000        9.7447448409015472E-006
   261.00000000000000       -1.0546815601224657E-005
   261.50000000000000        1.0222299434635266E-005
   262.00000000000000       -8.5420785645726981E-006
   262.50000000000000        5.4351434694557587E-006
   263.00000000000000       -1.0988696285426791E-006
   263.50000000000000       -4.0100539654734276E-006
   264.00000000000000        9.0311557871757778E-006
   264.50000000000000       -1.3076238364718175E-005
   265.00000000000000        1.4783413758302709E-005
   265.50000000000000       -1.3867321426109002E-005
   266.00000000000000        8.8552881470187635E-006
   266.50000000000000       -2.5205668996644295E-006
   267.00000000000000       -8.0554037663802444E-006
   267.50000000000000        1.2232977053415966E-005
   268.00000000000000       -2.3081432085629102E-005
   268.50000000000000        9.6925777288979717E-006
   269.00000000000000       -2.3790056891688816E-005
   269.50000000000000       -2.6148704181615983E-005
   270.00000000000000       -2.7021750918080302E-005
   270.50000000000000       -9.2776664041017046E-005
   271.00000000000000       -9.4940170051947576E-005
   271.50000000000000       -2.0096864431838119E-004
   272.00000000000000       -3.1162141938407900E-004
   272.50000000000000       -4.5716780328914800E-004
   273.00000000000000       -7.6993635199753836E-004
   273.50000000000000       -1.1074570797097881E-003
   274.00000000000000       -1.6722516714116921E-003
   274.50000000000000       -2.4773469476763199E-003
   275.00000000000000       -3.4814660238018116E-003
   275.50000000000000       -4.9631300369067611E-003
   276.00000000000000       -6.8383175006917684E-003
   276.50000000000000       -9.1946335550901290E-003
   277.00000000000000       -1.2279232430350484E-002
   277.50000000000000       -1.5918131618488103E-002
   278.00000000000000       -2.0231532685850966E-002
   278.50000000000000       -2.5338505313495345E-002
   279.00000000000000       -3.0908613272628616E-002
   279.50000000000000       -3.6951961199367923E-002
   280.00000000000000       -4.3421682416649961E-002
   280.50000000000000       -4.9783967322477335E-002
   281.00000000000000       -5.5873256150214524E-002
   281.50000000000000       -6.1600040498968944E-002
   282.00000000000000       -6.6350958786808592E-002
   282.50000000000000       -6.9830654555176105E-002
   283.00000000000000       -7.2151109127023091E-002
   283.50000000000000       -7.2954065969565496E-002
   284.00000000000000       -7.1867495313861579E-002
   284.50000000000000       -6.9229903022422795E-002
   285.00000000000000       -6.5345679536703047E-002
   285.50000000000000       -5.9971806688827504E-002
   286.00000000000000       -5.3175774022842834E-002
   286.50000000000000       -4.5740750027975091E-002
   287.00000000000000       -3.8274963997158615E-002
   287.50000000000000       -3.0671645864877643E-002
   288.00000000000000       -2.2816285043540614E-002
   288.50000000000000       -1.5338044253579229E-002
   289.00000000000000       -9.3100143317434696E-003
   289.50000000000000       -5.3639335681038951E-003
   290.00000000000000       -3.2325109726084968E-003
   290.50000000000000       -2.0026499138193861E-003
   291.00000000000000       -6.5475288164372318E-004
   291.50000000000000        1.5595218139521304E-003
   292.00000000000000        5.0175645323237853E-003
   292.50000000000000        9.7938915064102600E-003
   293.00000000000000        1.5765249693138462E-002
   293.50000000000000        2.2690608133294151E-002
   294.00000000000000        3.0259350218524779E-002
   294.50000000000000        3.8120295807251056E-002
   295.00000000000000        4.5903103867767005E-002
   295.50000000000000        5.3237958630109487E-002
   296.00000000000000        5.9775374780821296E-002
   296.50000000000000        6.5205925977695728E-002
   297.00000000000000        6.9278797190324537E-002
   297.50000000000000        7.1817649251606996E-002
   298.00000000000000        7.2732141370961179E-002
   298.50000000000000        7.2023572713432876E-002
   299.00000000000000        6.9783516622680369E-002
   299.50000000000000        6.6185032772611022E-002
   300.00000000000000        6.1466975743513702E-002
   300.50000000000000        5.5912909974291769E-002
   301.00000000000000        4.9826974854813806E-002
   301.50000000000000        4.3509514233730028E-002
   302.00000000000000        3.7235265347044341E-002
   302.50000000000000        3.1236391196223026E-002
   303.00000000000000        2.5691762128495232E-002
   303.50000000000000        2.0722855689087830E-002
   304.00000000000000        1.6395675555936545E-002
   304.50000000000000        1.2727371081000617E-002
   305.00000000000000        9.6958629596238573E-003
   305.50000000000000        7.2507487856109543E-003
   306.00000000000000        5.3240028922507043E-003
   306.50000000000000        3.8393882533363836E-003
   307.00000000000000        2.7199519069127992E-003
   307.50000000000000        1.8933895964786864E-003
   308.00000000000000        1.2953849538023658E-003
   308.50000000000000        8.7123308872211170E-004
   309.00000000000000        5.7615439698208788E-004
   309.50000000000000        3.7471449728444908E-004
   310.00000000000000        2.3971933756037939E-004
   310.50000000000000        1.5087815118640434E-004
   311.00000000000000        9.3442870031413278E-005
   311.50000000000000        5.6955360577277820E-005
   312.00000000000000        3.4171201658946522E-005
   312.50000000000000        2.0183125530248837E-005
   313.00000000000000        1.1737656229607702E-005
   313.50000000000000        6.7220012640663884E-006
   314.00000000000000        3.7913760326371307E-006
   314.50000000000000        2.1063503070302273E-006
   315.00000000000000        1.1527946909137271E-006
   315.50000000000000        6.2160004871815018E-007
   316.00000000000000        3.3025999059950420E-007
   316.50000000000000        1.7291516986042990E-007
   317.00000000000000        8.9225115996664031E-008
   317.50000000000000        4.5379653357670083E-008
   318.00000000000000        2.2750813840178836E-008
   318.50000000000000        1.1244359842915652E-008
   319.00000000000000        5.4791554946948322E-009
   319.50000000000000        2.6325187320882235E-009
   320.00000000000000        1.2472255849345646E-009
   320.50000000000000        5.8273343215280143E-010
   321.00000000000000        2.6852265426105770E-010
   321.50000000000000        1.2204268392805845E-010
   322.00000000000000        5.4713594672603890E-011
   322.50000000000000        2.4197106815100371E-011
   323.00000000000000        1.0557170618472144E-011
   323.50000000000000        4.5444151031801651E-012
   324.00000000000000        1.9301209612969026E-012
   324.50000000000000        8.0890248434560504E-013
   325.00000000000000        3.3453479073969137E-013
   325.50000000000000        1.3653614171070837E-013
   326.00000000000000        5.4997419091627560E-014
   326.50000000000000        2.1865121272970445E-014
   327.00000000000000        8.5802978258576454E-015
   327.50000000000000        3.3236798487927226E-015
   328.00000000000000        1.2709465810506774E-015
   328.50000000000000        4.7978995208032783E-016
   329.00000000000000        1.7881942999118935E-016
   329.50000000000000        6.5802360946114335E-017
   330.00000000000000        2.3908620490360295E-017
   330.50000000000000        8.5778107765678504E-018
   331.00000000000000        3.0389917212512654E-018
   331.50000000000000        1.0632502441536255E-018
   332.00000000000000        3.6738024425689836E-019
   332.50000000000000        1.2536937865455109E-019
   333.00000000000000        4.2255493723278845E-020
   333.50000000000000        1.4067315418010516E-020
   334.00000000000000        4.6258928049063797E-021
   334.50000000000000        1.5026430104839440E-021
   335.00000000000000        4.8218230003980352E-022
   335.50000000000000        1.5285543127227113E-022
   336.00000000000000        4.7872190160259708E-023
   336.50000000000000        1.4812790294237188E-023
   337.00000000000000        4.5285550547234762E-024
   337.50000000000000        1.3679473476435302E-024
   338.00000000000000        4.0830390274034069E-025
   338.50000000000000        1.2042573030068416E-025
   339.00000000000000        3.5098905208861815E-026
   339.50000000000000        1.0109345170835264E-026
   340.00000000000000        2.8775577057377800E-027
   340.50000000000000        8.0949235613036668E-028
   341.00000000000000        2.2506348493892429E-028
   341.50000000000000        6.1846701239699318E-029
   342.00000000000000        1.6798196303343921E-029
   342.50000000000000        4.5098130190816605E-030
   343.00000000000000        1.1967932257607620E-030
   343.50000000000000        3.1394900753879690E-031
   344.00000000000000        8.1412856664714072E-032
   344.50000000000000        2.0870604248515723E-032
   345.00000000000000        5.2893127923986547E-033
   345.50000000000000        1.3252551916676484E-033
   346.00000000000000        3.2828379501285392E-034
   346.50000000000000        8.0401189052008576E-035
   347.00000000000000        1.9469366533862437E-035
   347.50000000000000        4.6615519277143423E-036
   348.00000000000000        1.1035993244540213E-036
   348.50000000000000        2.5834922857871035E-037
   349.00000000000000        5.9803998020829936E-038
   349.50000000000000        1.3689666020790616E-038
   350.00000000000000        3.0988972117593030E-039
   350.50000000000000        6.9372140301487549E-040
   351.00000000000000        1.5358130953850494E-040
   351.50000000000000        3.3626259688581274E-041
   352.00000000000000        7.2814368382118096E-042
   352.50000000000000        1.5594274534901607E-042
   353.00000000000000        3.3031926424598504E-043
   353.50000000000000        6.9204474997226232E-044
   354.00000000000000        1.4340911467159275E-044
   354.50000000000000        2.9394916193760444E-045
   355.00000000000000        5.9597910424261569E-046
   355.50000000000000        1.1952629633392378E-046
   356.00000000000000        2.3712626026465749E-047
   356.50000000000000        4.6536057875289334E-048
   357.00000000000000        9.0344792042002140E-049
   357.50000000000000        1.7351217217152086E-049
   358.00000000000000        3.2967014660316495E-050
   358.50000000000000        6.1967155981625842E-051
   359.00000000000000        1.1523517260787818E-051
   359.50000000000000        2.1201141404833123E-052
   360.00000000000000        3.8591630951684217E-053
   360.50000000000000        6.9501728633102665E-054
   361.00000000000000        1.2384412559786956E-054
   361.50000000000000        2.1834395221315004E-055
   362.00000000000000        3.8089157587477158E-056
   362.50000000000000        6.5745249903830549E-057
   363.00000000000000        1.1228931976052636E-057
   363.50000000000000        1.8977181096031091E-058
   364.00000000000000        3.1735996312600004E-059
   364.50000000000000        5.2517934925403354E-060
   365.00000000000000        8.6001491103334057E-061
   365.50000000000000        1.3936535038997629E-061
   366.00000000000000        2.2349183910271108E-062
   366.50000000000000        3.5467778102986444E-063
   367.00000000000000        5.5703061766520524E-064
   367.50000000000000        8.6577318252416925E-065
   368.00000000000000        1.3317302594147944E-065
   368.50000000000000        2.0273207940202217E-066
   369.00000000000000        3.0544262091531383E-067
   369.50000000000000        4.5545401959290009E-068
   370.00000000000000        6.7216185194540137E-069
   370.50000000000000        9.8180260904473929E-070
   371.00000000000000        1.4193907887609332E-070
   371.50000000000000        2.0310174003408998E-071
   372.00000000000000        2.8765071038802464E-072
   372.50000000000000        4.0323998588017848E-073
   373.00000000000000        5.5951812201883532E-074
   373.50000000000000        7.6846333251555853E-075
   374.00000000000000        1.0447117412506442E-075
   374.50000000000000        1.4058531253529650E-076
   375.00000000000000        1.8726615812415388E-077
   375.50000000000000        2.4692221415044659E-078
   376.00000000000000        3.2229093114702709E-079
   376.50000000000000        4.1641707628355160E-080
   377.00000000000000        5.3260700642378049E-081
   377.50000000000000        6.7435473460194770E-082
   378.00000000000000        8.4523670053310983E-083
   378.50000000000000        1.0487737434713434E-083
   379.00000000000000        1.2882609282350240E-084
   379.50000000000000        1.5665685274501674E-085
   380.00000000000000        1.8859204781877331E-086
   380.50000000000000        2.2476597991484557E-087
   381.00000000000000        2.6520134998979187E-088
   381.50000000000000        3.0978721135218696E-089
   382.00000000000000        3.5826007963750255E-090
   382.50000000000000        4.1018996384540120E-091
   383.00000000000000        4.6497301489756201E-092
   383.50000000000000        5.2183226575806606E-093
   384.00000000000000        5.7982755716546325E-094
   384.50000000000000        6.3787521843895093E-095
   385.00000000000000        6.9477743347432628E-096
   385.50000000000000        7.4926051345001283E-097
   386.00000000000000        8.0002057784850928E-098
   386.50000000000000        8.4577447934755537E-099
   387.00000000000000        8.8531326179794975E-100
   387.50000000000000        9.1755507311351138E-101
   388.00000000000000        9.4159431198325602E-102
   388.50000000000000        9.5674389475917720E-103
   389.00000000000000        9.6256788895200554E-104
   389.50000000000000        9.5890234980368463E-105
   390.00000000000000        9.4586297031795983E-106
   390.50000000000000        9.2383904779436873E-107
   391.00000000000000        8.9347420383991808E-108
   391.50000000000000        8.5563518837825467E-109
   392.00000000000000        8.1137087421835361E-110
   392.50000000000000        7.6186414278828039E-111
   393.00000000000000        7.0837972831296500E-112
   393.50000000000000        6.5221120490752676E-113
   394.00000000000000        5.9463017126040959E-114
   394.50000000000000        5.3684033638433735E-115
   395.00000000000000        4.7993868199254785E-116
   395.50000000000000        4.2488523028003678E-117
   396.00000000000000        3.7248224438765818E-118
   396.50000000000000        3.2336299595127828E-119
   397.00000000000000        2.7798960613776160E-120
   397.50000000000000        2.3665894768397104E-121
   398.00000000000000        1.9951521484959640E-122
   398.50000000000000        1.6656753889080388E-123
   399.00000000000000        1.3771094634416646E-124
   399.50000000000000        1.1274901077358995E-125
   400.00000000000000        9.1416710781698266E-127
   400.50000000000000        7.3402247444077763E-128
   401.00000000000000        5.8366860518978598E-129
   401.50000000000000        4.5961984080388864E-130
   402.00000000000000        3.5843372175218469E-131
   402.50000000000000        2.7682083289174316E-132
   403.00000000000000        2.1172425183311295E-133
   403.50000000000000        1.6037122103800105E-134
   404.00000000000000        1.2030073493837872E-135
   404.50000000000000        8.9371309231022900E-137
   405.00000000000000        6.5753351033061324E-138
   405.50000000000000        4.7910365848149765E-139
   406.00000000000000        3.4572816494959750E-140
   406.50000000000000        2.4707882285441166E-141
   407.00000000000000        1.7487734256593804E-142
   407.50000000000000        1.2258308750624367E-143
   408.00000000000000        8.5099742475629627E-145
   408.50000000000000        5.8509753249273732E-146
   409.00000000000000        3.9841183459492353E-147
   409.50000000000000        2.6868394208442735E-148
   410.00000000000000        1.7945610878508714E-149
   410.50000000000000        1.1870891473615044E-150
   411.00000000000000        7.7771135180236346E-152
   411.50000000000000        5.0462060899372900E-153
   412.00000000000000        3.2428313327304031E-154
   412.50000000000000        2.0639440716442614E-155
   413.00000000000000        1.3010290556079412E-156
   413.50000000000000        8.1225587091354348E-158
   414.00000000000000        5.0224632350518765E-159
   414.50000000000000        3.0758130513947635E-160
   415.00000000000000        1.8656215556479723E-161
   415.50000000000000        1.1207500454387424E-162
   416.00000000000000        6.6683240680300433E-164
   416.50000000000000        3.9296008234174812E-165
   417.00000000000000        2.2935332322756686E-166
   417.50000000000000        1.3258290370807695E-167
   418.00000000000000        7.5909634100501635E-169
   418.50000000000000        4.3046130405062318E-170
   419.00000000000000        2.4176872374360589E-171
   419.50000000000000        1.3449179999885743E-172
   420.00000000000000        7.4100656862704769E-174
   420.50000000000000        4.0437073799884155E-175
   421.00000000000000        2.1855946255970658E-176
   421.50000000000000        1.1700179634488528E-177
   422.00000000000000        6.2036777631297596E-179
   422.50000000000000        3.2579203011794921E-180
   423.00000000000000        1.6945988753084970E-181
   423.50000000000000        8.7303024347670983E-183
   424.00000000000000        4.4548002824848090E-184
   424.50000000000000        2.2514608275324172E-185
   425.00000000000000        1.1270374975267313E-186
   425.50000000000000        5.5879271003126501E-188
   426.00000000000000        2.7441133754275951E-189
   426.50000000000000        1.3347282590827967E-190
   427.00000000000000        6.4301877743313179E-192
   427.50000000000000        3.0682796222874227E-193
   428.00000000000000        1.4501307401469922E-194
   428.50000000000000        6.7882958898535934E-196
   429.00000000000000        3.1474306403768292E-197
   429.50000000000000        1.4454190225135335E-198
   430.00000000000000        6.5746695489930303E-200
   430.50000000000000        2.9620815427770591E-201
   431.00000000000000        1.3217926633082056E-202
   431.50000000000000        5.8421569355627067E-204
   432.00000000000000        2.5575665560245317E-205
   432.50000000000000        1.1089827224305062E-206
   433.00000000000000        4.7628507646404526E-208
   433.50000000000000        2.0260667691294611E-209
   434.00000000000000        8.5366077599130362E-211
   434.50000000000000        3.5625575050107752E-212
   435.00000000000000        1.4725959186317717E-213
   435.50000000000000        6.0290738847268243E-215
   436.00000000000000        2.4449110146012214E-216
   436.50000000000000        9.8202164566281980E-218
   437.00000000000000        3.9068317977625250E-219
   437.50000000000000        1.5394801604256565E-220
   438.00000000000000        6.0085443488088736E-222
   438.50000000000000        2.3227917940350486E-223
   439.00000000000000        8.8940007439325157E-225
   439.50000000000000        3.3731054512325044E-226
   440.00000000000000        1.2670931712899498E-227
   440.50000000000000        4.7144717476402522E-229
   441.00000000000000        1.7374141107028287E-230
   441.50000000000000        6.3419004464111734E-232
   442.00000000000000        2.2928793302723081E-233
   442.50000000000000        8.2108591155093969E-235
   443.00000000000000        2.9123363326594179E-236
   443.50000000000000        1.0231513291822636E-237
   444.00000000000000        3.5602747142632422E-239
   444.50000000000000        1.2270783716947113E-240
   445.00000000000000        4.1889588633903709E-242
   445.50000000000000        1.4163961153087937E-243
   446.00000000000000        4.7435995282068002E-245
   446.50000000000000        1.5735327075271463E-246
   447.00000000000000        5.1699672836345640E-248
   447.50000000000000        1.6824565640132743E-249
   448.00000000000000        5.4230516831833690E-251
   448.50000000000000        1.7313592875347891E-252
   449.00000000000000        5.4748721281984547E-254
   449.50000000000000        1.7147618625090547E-255
   450.00000000000000        5.3195688175487703E-257
   450.50000000000000        1.6345248937228040E-258
   451.00000000000000        4.9744931813841470E-260
   451.50000000000000        1.4995053641346033E-261
   452.00000000000000        4.4770172735758876E-263
   452.50000000000000        1.3239474511316899E-264
   453.00000000000000        3.8778733031584896E-266
   453.50000000000000        1.1250116570947953E-267
   454.00000000000000        3.2326642963239903E-269
   454.50000000000000        9.2003425419237184E-271
   455.00000000000000        2.5935033498122057E-272
   455.50000000000000        7.2411686978503929E-274
   456.00000000000000        2.0024844592311999E-275
   456.50000000000000        5.4848893673583085E-277
   457.00000000000000        1.4880050388654920E-278
   457.50000000000000        3.9983270792044237E-280
   458.00000000000000        1.0641165247121122E-281
   458.50000000000000        2.8050239080764779E-283
   459.00000000000000        7.3235222863310692E-285
   459.50000000000000        1.8938215325758227E-286
   460.00000000000000        4.8505750578524010E-288
   460.50000000000000        1.2305012845806824E-289
   461.00000000000000        3.0917551706721695E-291
   461.50000000000000        7.6941706474290969E-293
   462.00000000000000        1.8964951285626894E-294
   462.50000000000000        4.6299291526055095E-296
   463.00000000000000        1.1195130159132968E-297
   463.50000000000000        2.6811161037500924E-299
   464.00000000000000        6.3596504421165245E-301
   464.50000000000000        1.4941062803888807E-302
   465.00000000000000        3.4766408161512446E-304
   465.50000000000000        8.0124937636706570E-306
   466.00000000000000        1.8289615892351560E-307
   466.50000000000000        4.1349466748927394E-309
   467.00000000000000        9.2589797005921531E-311
   467.50000000000000        2.0534478539769697E-312
   468.00000000000000        4.5105657806776254E-314
   468.50000000000000        9.8130991011465196E-316
   469.00000000000000        2.1148529376799142E-317
   469.50000000000000        4.5484177421790998E-319
   470.00000000000000        1.2969223203332722E-320
   470.50000000000000        3.4683408338055507E-321
   471.00000000000000        3.1126135687998532E-321
   471.50000000000000        2.9396905927554169E-321
   472.00000000000000        2.7717082731693931E-321
   472.50000000000000        2.6086666100417818E-321
   473.00000000000000        2.4505656033725829E-321
   473.50000000000000        2.2974052531617964E-321
   474.00000000000000        2.1491855594094225E-321
   474.50000000000000        2.0059065221154610E-321
   475.00000000000000        1.8675681412799119E-321
   475.50000000000000        1.7341704169027754E-321
   476.00000000000000        1.6057133489840513E-321
   476.50000000000000        1.4821969375237396E-321
   477.00000000000000        1.3636211825218405E-321
   477.50000000000000        1.2499860839783538E-321
   478.00000000000000        1.1412916418932795E-321
   478.50000000000000        1.0375378562666177E-321
   479.00000000000000        9.3872472709836843E-322
   479.50000000000000        8.4485225438853159E-322
   480.00000000000000        7.5592043813710721E-322
   480.50000000000000        6.7192927834409530E-322
   481.00000000000000        5.9287877500949585E-322
   481.50000000000000        5.1876892813330887E-322
   482.00000000000000        4.4959973771553436E-322
   482.50000000000000        3.8537120375617230E-322
   483.00000000000000        3.2608332625522272E-322
   483.50000000000000        2.7173610521268560E-322
   484.00000000000000        2.2232954062856094E-322
   484.50000000000000        1.7786363250284876E-322
   485.00000000000000        1.3833838083554903E-322
   485.50000000000000        1.0375378562666177E-322
   486.00000000000000        7.4109846876186982E-323
   486.50000000000000        4.9406564584124654E-323
   487.00000000000000        2.9643938750474793E-323
   487.50000000000000        1.4821969375237396E-323
   488.00000000000000        4.9406564584124654E-324
   488.50000000000000        0.0000000000000000     
   489.00000000000000        0.0000000000000000     
   489.50000000000000        0.0000000000000000     
   490.00000000000000        0.0000000000000000     
   490.50000000000000        0.0000000000000000     
   491.00000000000000        0.0000000000000000     
   491.50000000000000        0.0000000000000000     
   492.00000000000000        0.0000000000000000     
   492.50000000000000        0.0000000000000000     
   493.00000000000000        0.0000000000000000     
   493.50000000000000        0.0000000000000000     
   494.00000000000000        0.0000000000000000     
   494.50000000000000        0.0000000000000000     
   495.00000000000000        0.0000000000000000     
   495.50000000000000        0.0000000000000000     
   496.00000000000000        0.0000000000000000     
   496.50000000000000        0.0000000000000000     
   497.00000000000000        0.0000000000000000     
   497.50000000000000        0.0000000000000000     
   498.00000000000000        0.0000000000000000     
   498.50000000000000        0.0000000000000000     
   499.00000000000000        0.0000000000000000     
   499.50000000000000        0.0000000000000000     
   500.00000000000000        0.0000000000000000     
