   0.0000000000000000        0.0000000000000000     
  0.50000000000000000        1.6327806926358379E-004
   1.0000000000000000        5.9874774525293939E-004
   1.5000000000000000        1.1086185820489425E-003
   2.0000000000000000        1.9853819209843249E-003
   2.5000000000000000        3.0178030787369192E-003
   3.0000000000000000        4.1539441348402012E-003
   3.5000000000000000        5.4752676090817354E-003
   4.0000000000000000        6.8809502753379159E-003
   4.5000000000000000        8.2875129955023719E-003
   5.0000000000000000        9.7171727538389319E-003
   5.5000000000000000        1.1112934156225607E-002
   6.0000000000000000        1.2388495405617692E-002
   6.5000000000000000        1.3538802925103066E-002
   7.0000000000000000        1.4539164912678537E-002
   7.5000000000000000        1.5323729107111439E-002
   8.0000000000000000        1.5882149591066513E-002
   8.5000000000000000        1.6220736957998971E-002
   9.0000000000000000        1.6309317869024093E-002
   9.5000000000000000        1.6147745192386848E-002
   10.000000000000000        1.5769767467545770E-002
   10.500000000000000        1.5183570303994712E-002
   11.000000000000000        1.4403763871984679E-002
   11.500000000000000        1.3479797103472961E-002
   12.000000000000000        1.2446607306826576E-002
   12.500000000000000        1.1326374771499018E-002
   13.000000000000000        1.0166018665678504E-002
   13.500000000000000        9.0072071949817145E-003
   14.000000000000000        7.8676082701775243E-003
   14.500000000000000        6.7757861424661871E-003
   15.000000000000000        5.7630330265373668E-003
   15.500000000000000        4.8354009020686872E-003
   16.000000000000000        3.9981821485005620E-003
   16.500000000000000        3.2659459851429040E-003
   17.000000000000000        2.6350330894044701E-003
   17.500000000000000        2.0937506737534473E-003
   18.000000000000000        1.6431379690859333E-003
   18.500000000000000        1.2766241209352961E-003
   19.000000000000000        9.7624033409672052E-004
   19.500000000000000        7.3581997206105141E-004
   20.000000000000000        5.5131909828278706E-004
   20.500000000000000        4.0694827181508722E-004
   21.000000000000000        2.9405669338310614E-004
   21.500000000000000        2.1249026771102020E-004
   22.000000000000000        1.5249791730067728E-004
   22.500000000000000        1.0524025835096198E-004
   23.000000000000000        7.2816450038340377E-005
   23.500000000000000        5.1770003211850871E-005
   24.000000000000000        3.4095563366936697E-005
   24.500000000000000        2.1749486270003442E-005
   25.000000000000000        1.6013725555175589E-005
   25.500000000000000        1.0460758534838400E-005
   26.000000000000000        5.2671700206543501E-006
   26.500000000000000        4.3470264504523978E-006
   27.000000000000000        3.5284311857049380E-006
   27.500000000000000        7.8650484681195394E-007
   28.000000000000000        6.6378641713275427E-007
   28.500000000000000        1.6276595928327804E-006
   29.000000000000000        3.1346012479586732E-008
   29.500000000000000       -5.2166955388913832E-007
   30.000000000000000        9.3837533880181144E-007
   30.500000000000000        2.5715822594889372E-007
   31.000000000000000       -8.4304874315236716E-007
   31.500000000000000        4.3237024698726814E-007
   32.000000000000000        5.9516021517315347E-007
   32.500000000000000       -7.6019250475785939E-007
   33.000000000000000       -4.8674137590978974E-008
   33.500000000000000        7.7173080148145023E-007
   34.000000000000000       -4.5083445774268001E-007
   34.500000000000000       -4.4023479931314894E-007
   35.000000000000000        7.2198932506957387E-007
   35.500000000000000       -4.9210448357491631E-008
   36.000000000000000       -6.5976761964980374E-007
   36.500000000000000        4.7938704125602325E-007
   37.000000000000000        3.1988881192093442E-007
   37.500000000000000       -6.7000220384533866E-007
   38.000000000000000        1.3135107540460160E-007
   38.500000000000000        5.5839670308068796E-007
   39.000000000000000       -4.9226931648480461E-007
   39.500000000000000       -2.1498982877067481E-007
   40.000000000000000        6.1509215975383516E-007
   40.500000000000000       -1.9607792344281115E-007
   41.000000000000000       -4.6444018033913803E-007
   41.500000000000000        4.9372347107502684E-007
   42.000000000000000        1.2429708259595576E-007
   42.500000000000000       -5.5816298794441897E-007
   43.000000000000000        2.4621641945484179E-007
   43.500000000000000        3.7766946206257374E-007
   44.000000000000000       -4.8587003575873359E-007
   44.500000000000000       -4.6188014892702741E-008
   45.000000000000000        5.0027954962903402E-007
   45.500000000000000       -2.8384129051771660E-007
   46.000000000000000       -2.9781442648160923E-007
   46.500000000000000        4.7046878397715768E-007
   47.000000000000000       -2.0624967480207615E-008
   47.500000000000000       -4.4230110194212172E-007
   48.000000000000000        3.1065653628362966E-007
   48.500000000000000        2.2465846091480789E-007
   49.000000000000000       -4.4897394034036921E-007
   49.500000000000000        7.7211492609985999E-008
   50.000000000000000        3.8494486536256978E-007
   50.500000000000000       -3.2809074364401801E-007
   51.000000000000000       -1.5801672093352996E-007
   51.500000000000000        4.2261392434228881E-007
   52.000000000000000       -1.2448345354370586E-007
   52.500000000000000       -3.2881738201258234E-007
   53.000000000000000        3.3736859379468201E-007
   53.500000000000000        9.7722095587862300E-008
   54.000000000000000       -3.9244486618210727E-007
   54.500000000000000        1.6323852695273930E-007
   55.000000000000000        2.7443561466064153E-007
   55.500000000000000       -3.3956096152057808E-007
   56.000000000000000       -4.3614292175796298E-008
   56.500000000000000        3.5938782182274192E-007
   57.000000000000000       -1.9419139918577022E-007
   57.500000000000000       -2.2224113631230372E-007
   58.000000000000000        3.3562040769724870E-007
   58.500000000000000       -4.4684987934067295E-009
   59.000000000000000       -3.2425486985262918E-007
   59.500000000000000        2.1799625027459707E-007
   60.000000000000000        1.7260980658912790E-007
   60.500000000000000       -3.2640643966896759E-007
   61.000000000000000        4.6695851627465893E-008
   61.500000000000000        2.8776753476774404E-007
   62.000000000000000       -2.3526290617573666E-007
   62.500000000000000       -1.2585848680098247E-007
   63.000000000000000        3.1270350045382853E-007
   63.500000000000000       -8.3249649343539495E-008
   64.000000000000000       -2.5056985644033665E-007
   64.500000000000000        2.4656833539294071E-007
   65.000000000000000        8.2249820628500545E-008
   65.500000000000000       -2.9523372804756138E-007
   66.000000000000000        1.1432722536031912E-007
   66.500000000000000        2.1323769994808317E-007
   67.000000000000000       -2.5246467730738947E-007
   67.500000000000000       -4.1995769809864966E-008
   68.000000000000000        2.7466592142461686E-007
   68.500000000000000       -1.4014333931875928E-007
   69.000000000000000       -1.7628541759334764E-007
   69.500000000000000        2.5348466108962491E-007
   70.000000000000000        5.2603754310151546E-009
   70.500000000000000       -2.5162173990729376E-007
   71.000000000000000        1.6093117745804983E-007
   71.500000000000000        1.4017065277570099E-007
   72.000000000000000       -2.5014504651605760E-007
   72.500000000000000        2.7837931803106843E-008
   73.000000000000000        2.2667988199907968E-007
   73.500000000000000       -1.7694253372191739E-007
   74.000000000000000       -1.0529785412618194E-007
   74.500000000000000        2.4294855964515075E-007
   75.000000000000000       -5.7224250047923282E-008
   75.500000000000000       -2.0037879641887550E-007
   76.000000000000000        1.8844730011653159E-007
   76.500000000000000        7.2020912800939458E-008
   77.000000000000000       -2.3238468491285875E-007
   77.500000000000000        8.2865199762160698E-008
   78.000000000000000        1.7321833821128151E-007
   78.500000000000000       -1.9573237697058597E-007
   79.000000000000000       -4.0645226986955164E-008
   79.500000000000000        2.1892959399115764E-007
   80.000000000000000       -1.0476688848290641E-007
   80.500000000000000       -1.4566068416631676E-007
   81.000000000000000        1.9910009868317804E-007
   81.500000000000000        1.1429418152954412E-008
   82.000000000000000       -2.0304543315273360E-007
   82.500000000000000        1.2297277837254692E-007
   83.000000000000000        1.1813074812539211E-007
   83.500000000000000       -1.9886626022172249E-007
   84.000000000000000        1.5413134201891014E-008
   84.500000000000000        1.8517914616499312E-007
   85.000000000000000       -1.3756141618463359E-007
   85.500000000000000       -9.1016284938198478E-008
   86.000000000000000        1.9535781891695570E-007
   86.500000000000000       -3.9712818682946540E-008
   87.000000000000000       -1.6576098054569622E-007
   87.500000000000000        1.4864399957224631E-007
   88.000000000000000        6.4667824737485254E-008
   88.500000000000000       -1.8891034553109820E-007
   89.000000000000000        6.1342284742784174E-008
   89.500000000000000        1.4520279114227018E-007
   90.000000000000000       -1.5636177830694848E-007
   90.500000000000000       -3.9398557839516855E-008
   91.000000000000000        1.7986528219684841E-007
   91.500000000000000       -8.0214845462026788E-008
   92.000000000000000       -1.2389624811981833E-007
   92.500000000000000        1.6088328636461272E-007
   93.000000000000000        1.5484250676970336E-008
   93.500000000000000       -1.6856707635268415E-007
   94.000000000000000        9.6282736989480991E-008
   94.500000000000000        1.0221102309401391E-007
   95.000000000000000       -1.6240142709793658E-007
   95.500000000000000        6.8367282222366047E-009
   96.000000000000000        1.5536023574328069E-007
   96.500000000000000       -1.0953521777643278E-007
   97.000000000000000       -8.0493034048750977E-008
   97.500000000000000        1.6113041972798517E-007
   98.000000000000000       -2.7363231533097264E-008
   98.500000000000000       -1.4058636853082533E-007
   99.000000000000000        1.1999648104287420E-007
   99.500000000000000        5.9062795551848743E-008
   100.00000000000000       -1.5730264427921758E-007
   100.50000000000000        4.5930954118107000E-008
   101.00000000000000        1.2458124456710328E-007
   101.50000000000000       -1.2772338860177341E-007
   102.00000000000000       -3.8213935853538633E-008
   102.50000000000000        1.5116539978650303E-007
   103.00000000000000       -6.2411838079372014E-008
   103.50000000000000       -1.0767193609925289E-007
   104.00000000000000        1.3280301727887928E-007
   104.50000000000000        1.8211907338828771E-008
   105.00000000000000       -1.4297762085602589E-007
   105.50000000000000        7.6713230489747205E-008
   106.00000000000000        9.0174065530411775E-008
   106.50000000000000       -1.3535004322684562E-007
   107.00000000000000        7.0706325926654121E-010
   107.50000000000000        1.3300657093198294E-007
   108.00000000000000       -8.8776799505667433E-008
   108.50000000000000       -7.2389212486380879E-008
   109.00000000000000        1.3550396667988349E-007
   109.50000000000000       -1.8336774807571725E-008
   110.00000000000000       -1.2152456118892850E-007
   110.50000000000000        9.8577192494216254E-008
   111.00000000000000        5.4602499340133146E-008
   111.50000000000000       -1.3342621401251595E-007
   112.00000000000000        3.4501567975790198E-008
   112.50000000000000        1.0880571344188484E-007
   113.00000000000000       -1.0612045654035214E-007
   113.50000000000000       -3.7080400144661899E-008
   114.00000000000000        1.2929712759796345E-007
   114.50000000000000       -4.9056560828841220E-008
   115.00000000000000       -9.5122816200439129E-008
   115.50000000000000        1.1144221686240523E-007
   116.00000000000000        2.0068784183271801E-008
   116.50000000000000       -1.2331288643450990E-007
   117.00000000000000        6.1887582461925881E-008
   117.50000000000000        8.0744291535314455E-008
   118.00000000000000       -1.1460564351695797E-007
   118.50000000000000       -3.7912304652541738E-009
   119.00000000000000        1.1568237356489279E-007
   119.50000000000000       -7.2910817693113000E-008
   120.00000000000000       -6.5931318041688115E-008
   120.50000000000000        1.1569921171037061E-007
   121.00000000000000       -1.1552383853904498E-008
   121.50000000000000       -1.0662403621265089E-007
   122.00000000000000        8.2072152560340714E-008
   122.50000000000000        5.0935124499186776E-008
   123.00000000000000       -1.1483429404558297E-007
   123.50000000000000        2.5786992852566027E-008
   124.00000000000000        9.6362756210313585E-008
   124.50000000000000       -8.9346243822792842E-008
   125.00000000000000       -3.5994496179091469E-008
   125.50000000000000        1.1214259517733749E-007
   126.00000000000000       -3.8763155719353432E-008
   126.50000000000000       -8.5126778327891279E-008
   127.00000000000000        9.4735309549709457E-008
   127.50000000000000        2.1333501263652479E-008
   128.00000000000000       -1.0777347403045411E-007
   128.50000000000000        5.0357554451437370E-008
   129.00000000000000        7.3144712498689402E-008
   129.50000000000000       -9.8267673581410306E-008
   130.00000000000000       -7.1594748085497750E-009
   130.50000000000000        1.0189116730435645E-007
   131.00000000000000       -6.0473191323954057E-008
   131.50000000000000       -6.0642656958020672E-008
   132.00000000000000        9.9996067438818173E-008
   132.50000000000000       -6.3387390811534740E-009
   133.00000000000000       -9.4671962878550841E-008
   133.50000000000000        6.9039272580589808E-008
   134.00000000000000        4.7841454281641893E-008
   134.50000000000000       -9.9995729865489399E-008
   135.00000000000000        1.8992255676828698E-008
   135.50000000000000        8.6301337337067713E-008
   136.00000000000000       -7.6010804788640145E-008
   136.50000000000000       -3.4954126608370142E-008
   137.00000000000000        9.8362310764505075E-008
   137.50000000000000       -3.0653337820855409E-008
   138.00000000000000       -7.6971110516257393E-008
   138.50000000000000        8.1367893729444948E-008
   139.00000000000000        2.2183493024775293E-008
   139.50000000000000       -9.5209629648405807E-008
   140.00000000000000        4.1196274544310520E-008
   140.50000000000000        6.6876625335337948E-008
   141.00000000000000       -8.5114785527022463E-008
   141.50000000000000       -9.7200171444369275E-009
   142.00000000000000        9.0667291743101870E-008
   142.50000000000000       -5.0517974279628672E-008
   143.00000000000000       -5.6214011576317587E-008
   143.50000000000000        8.7278639682803275E-008
   144.00000000000000       -2.2601254142438639E-009
   144.50000000000000       -8.4878222777295625E-008
   145.00000000000000        5.8538243729496061E-008
   145.50000000000000        4.5177533590262456E-008
   146.00000000000000       -8.7908086138231836E-008
   146.50000000000000        1.3596710972176408E-008
   147.00000000000000        7.7996121168329886E-008
   147.50000000000000       -6.5199789450331304E-008
   148.00000000000000       -3.3957082384952848E-008
   148.50000000000000        8.7071556912027246E-008
   149.00000000000000       -2.4146884598259553E-008
   149.50000000000000       -7.0182894156969697E-008
   150.00000000000000        7.0467916304601259E-008
   150.50000000000000        2.2735804472637131E-008
   151.00000000000000       -8.4855452576806567E-008
   151.50000000000000        3.3786285150504087E-008
   152.00000000000000        6.1606073870365955E-008
   152.50000000000000       -7.4329970603104626E-008
   153.00000000000000       -1.1687927685261649E-008
   153.50000000000000        8.1362134839789155E-008
   154.00000000000000       -4.2409909314566419E-008
   154.50000000000000       -5.2436281638109519E-008
   155.00000000000000        7.6794505094554101E-008
   155.50000000000000        9.7676708439407745E-010
   156.00000000000000       -7.6707812319196777E-008
   156.50000000000000        4.9932674643901599E-008
   157.00000000000000        4.2844732790401084E-008
   157.50000000000000       -7.7890222564104887E-008
   158.00000000000000        9.2470311781376098E-009
   158.50000000000000        7.1020310376846900E-008
   159.00000000000000       -5.6289721628981259E-008
   159.50000000000000       -3.3000849588747601E-008
   160.00000000000000        7.7664679439445326E-008
   160.50000000000000       -1.8847031927225113E-008
   161.00000000000000       -6.4436794380176197E-008
   161.50000000000000        6.1436421316838405E-008
   162.00000000000000        2.3069971255720132E-008
   162.50000000000000       -7.6182810503371855E-008
   163.00000000000000        2.7702289040723946E-008
   163.50000000000000        5.7101439810779547E-008
   164.00000000000000       -6.5348133938067843E-008
   164.50000000000000       -1.3211223501571033E-008
   165.00000000000000        7.3525262834377722E-008
   165.50000000000000       -3.5708386857230690E-008
   166.00000000000000       -4.9163115577772822E-008
   166.50000000000000        6.8019693885547887E-008
   167.00000000000000        3.5755343249406797E-009
   167.50000000000000       -6.9786600973108911E-008
   168.00000000000000        4.2778204579350551E-008
   168.50000000000000        4.0773075227740635E-008
   169.00000000000000       -6.9464671096757981E-008
   169.50000000000000        5.6961480441278732E-009
   170.00000000000000        6.5073375806737499E-008
   170.50000000000000       -4.8842436946748248E-008
   171.00000000000000       -3.2082720418601261E-008
   171.50000000000000        6.9714390205234849E-008
   172.00000000000000       -1.4474453434278828E-008
   172.50000000000000       -5.9502121563395066E-008
   173.00000000000000        5.3849836605989377E-008
   173.50000000000000        2.3241427719790106E-008
   174.00000000000000       -6.8816763541649618E-008
   174.50000000000000        2.2642953462772111E-008
   175.00000000000000        5.3197273253589701E-008
   175.50000000000000       -5.7767220341299910E-008
   176.00000000000000       -1.4394502044724606E-008
   176.50000000000000        6.6834922542146466E-008
   177.00000000000000       -3.0099316566450483E-008
   177.50000000000000       -4.6289071340992930E-008
   178.00000000000000        6.0579208892796856E-008
   178.50000000000000        5.6812421349900319E-009
   179.00000000000000       -6.3845708993075351E-008
   179.50000000000000        3.6756208725887372E-008
   180.00000000000000        3.8911444419605193E-008
   180.50000000000000       -6.2287749915556031E-008
   181.00000000000000        2.7668222323350944E-009
   181.50000000000000        5.9938013605402649E-008
   182.00000000000000       -4.2541972655963539E-008
   182.50000000000000       -3.1199935928645065E-008
   183.00000000000000        6.2911399941025353E-008
   183.50000000000000       -1.0827540042894308E-008
   184.00000000000000       -5.5211025404686099E-008
   184.50000000000000        4.7401046756721742E-008
   185.00000000000000        2.3289664586886081E-008
   185.50000000000000       -6.2484419208144401E-008
   186.00000000000000        1.8389542437493828E-008
   186.50000000000000        4.9772381765612967E-008
   187.00000000000000       -5.1294162857404708E-008
   187.50000000000000       -1.5313381678154008E-008
   188.00000000000000        6.1055660625845631E-008
   188.50000000000000       -2.5353463967035719E-008
   189.00000000000000       -4.3736284066013030E-008
   189.50000000000000        5.4198289938468496E-008
   190.00000000000000        7.3996113711650483E-009
   190.50000000000000       -5.8687311465071266E-008
   191.00000000000000        3.1632933733464316E-008
   191.50000000000000        3.7221568607011546E-008
   192.00000000000000       -5.6106369670332711E-008
   192.50000000000000        3.2906593331109733E-010
   193.00000000000000        5.5453472691392283E-008
   193.50000000000000       -3.7155366283497800E-008
   194.00000000000000       -3.0349796775202944E-008
   194.50000000000000        5.7026817391450767E-008
   195.00000000000000       -7.7576042070767504E-009
   195.50000000000000       -5.1438635524604920E-008
   196.00000000000000        4.1862513231426689E-008
   196.50000000000000        2.3243355805860799E-008
   197.00000000000000       -5.6982836974318681E-008
   197.50000000000000        1.4779904543550025E-008
   198.00000000000000        4.6736046730181811E-008
   198.50000000000000       -4.5710807182229794E-008
   199.00000000000000       -1.6023627822332592E-008
   199.50000000000000        5.6011532940983766E-008
   200.00000000000000       -2.1300067187423209E-008
   200.50000000000000       -4.1446019022676490E-008
   201.00000000000000        4.8671469746373881E-008
   201.50000000000000        8.8092208231023941E-009
   202.00000000000000       -5.4162867924774035E-008
   202.50000000000000        2.7233440959201114E-008
   203.00000000000000        3.5674182810327288E-008
   203.50000000000000       -5.0730417738476863E-008
   204.00000000000000       -1.7143125693544785E-009
   204.50000000000000        5.1498456395692443E-008
   205.00000000000000       -3.2507490035259379E-008
   205.50000000000000       -2.9529733759934576E-008
   206.00000000000000        5.1887947231725054E-008
   206.50000000000000       -5.1529001829566295E-009
   207.00000000000000       -4.8090244015109474E-008
   207.50000000000000        3.7062443319476942E-008
   208.00000000000000        2.3123672716644246E-008
   208.50000000000000       -5.2158234051357611E-008
   209.00000000000000        1.1691601585510340E-008
   209.50000000000000        4.4019067425857352E-008
   210.00000000000000       -4.0851751745112660E-008
   210.50000000000000       -1.6567091254029523E-008
   211.00000000000000        5.1568635463015813E-008
   211.50000000000000       -1.7809617704827295E-008
   212.00000000000000       -3.9373145831366141E-008
   212.50000000000000        4.3842324423194443E-008
   213.00000000000000        9.9694968753799065E-009
   213.50000000000000       -5.0158837484168417E-008
   214.00000000000000        2.3424496473671271E-008
   214.50000000000000        3.4246498900525375E-008
   215.00000000000000       -4.6014576487940889E-008
   215.50000000000000       -3.4372306414322079E-009
   216.00000000000000        4.7979834184249251E-008
   216.50000000000000       -2.8464427035959357E-008
   217.00000000000000       -2.8737346718043768E-008
   217.50000000000000        4.7362261683241443E-008
   218.00000000000000       -2.9280351568277732E-009
   218.50000000000000       -4.5092790774771327E-008
   219.00000000000000        3.2868957325986557E-008
   219.50000000000000        2.2946481671156992E-008
   220.00000000000000       -4.7892132291918502E-008
   220.50000000000000        9.0306661629679671E-009
   221.00000000000000        4.1567776037759869E-008
   221.50000000000000       -3.6589540021179732E-008
   222.00000000000000       -1.6975671446951268E-008
   222.50000000000000        4.7623401100514668E-008
   223.00000000000000       -1.4782321166487485E-008
   223.50000000000000       -3.7482420987048690E-008
   224.00000000000000        3.9589868716048762E-008
   224.50000000000000        1.0926079591888168E-008
   225.00000000000000       -4.6587054366919449E-008
   225.50000000000000        2.0103043231432730E-008
   226.00000000000000        3.2920489827126482E-008
   226.50000000000000       -4.1846040929932475E-008
   227.00000000000000       -4.8967613969253084E-009
   227.50000000000000        4.4824994276047049E-008
   228.00000000000000       -2.4922211560709289E-008
   228.50000000000000       -2.7970422202925192E-008
   229.00000000000000        4.3346514826138830E-008
   229.50000000000000       -1.0167809465980617E-009
   230.00000000000000       -4.2389064006036616E-008
   230.50000000000000        2.9179308029222307E-008
   231.00000000000000        2.2723832296169757E-008
   231.50000000000000       -4.4091902183193888E-008
   232.00000000000000        6.7239288903841917E-009
   232.50000000000000        3.9339937086959529E-008
   233.00000000000000       -3.2824528440716450E-008
   233.50000000000000       -1.7274023819917597E-008
   234.00000000000000        4.4094569297846375E-008
   234.50000000000000       -1.2140183197512031E-008
   235.00000000000000       -3.5745926090520344E-008
   235.50000000000000        3.5819199089827068E-008
   236.00000000000000        1.1714507113021081E-008
   236.50000000000000       -4.3378092025711641E-008
   237.00000000000000        1.7188254602363255E-008
   237.50000000000000        3.1681696033425523E-008
   238.00000000000000       -3.8136031675156977E-008
   238.50000000000000       -6.1375734739706964E-009
   239.00000000000000        4.1976543228870270E-008
   239.50000000000000       -2.1799031290102864E-008
   240.00000000000000       -2.7226937271163833E-008
   240.50000000000000        3.9759184474460798E-008
   241.00000000000000        6.3291343882546036E-010
   241.50000000000000       -3.9933660244592863E-008
   242.00000000000000        2.5912379821865493E-008
   242.50000000000000        2.2464985920445185E-008
   243.00000000000000       -4.0684166579544683E-008
   243.50000000000000        4.7136696889684239E-009
   244.00000000000000        3.7301875809545594E-008
   244.50000000000000       -2.9477804165397058E-008
   245.00000000000000       -1.7481445490115467E-008
   245.50000000000000        4.0917558388144260E-008
   246.00000000000000       -9.8214675103318176E-009
   246.50000000000000       -3.4141262837371966E-008
   247.00000000000000        3.2454924978070861E-008
   247.50000000000000        1.2362797708659280E-008
   248.00000000000000       -4.0476590577779901E-008
   248.50000000000000        1.4615946016745631E-008
   249.00000000000000        3.0518377458647549E-008
   249.50000000000000       -3.4813809834824667E-008
   250.00000000000000       -7.1950563709812781E-009
   250.50000000000000        4.8870988028764707E-008
   251.00000000000000       -9.0051306819657784E-008
   251.50000000000000        1.3056743648991870E-007
   252.00000000000000       -1.7024007394919838E-007
   252.50000000000000        2.0887452701160443E-007
   253.00000000000000       -2.4625630509556906E-007
   253.50000000000000        2.8214698904976303E-007
   254.00000000000000       -3.1628048325442321E-007
   254.50000000000000        3.4835969813418891E-007
   255.00000000000000       -3.7805379036265801E-007
   255.50000000000000        4.0499603596955521E-007
   256.00000000000000       -4.2878249300583510E-007
   256.50000000000000        4.4897155896084185E-007
   257.00000000000000       -4.6508460815945164E-007
   257.50000000000000        4.7660784292637673E-007
   258.00000000000000       -4.8299556652367937E-007
   258.50000000000000        4.8367502993805751E-007
   259.00000000000000       -4.7805307035821959E-007
   259.50000000000000        4.6552469194366810E-007
   260.00000000000000       -4.4548379205545253E-007
   260.50000000000000        4.1733615122179004E-007
   261.00000000000000       -3.8051483823315650E-007
   261.50000000000000        3.3449807184513451E-007
   262.00000000000000       -2.7882958695589150E-007
   262.50000000000000        2.1314141318706355E-007
   263.00000000000000       -1.3717894639905329E-007
   263.50000000000000        5.0828017721530669E-008
   264.00000000000000        4.5856396770236881E-008
   264.50000000000000       -1.5262039809843334E-007
   265.00000000000000        2.6898098281813184E-007
   265.50000000000000       -3.9419636970727329E-007
   266.00000000000000        5.2723786290956042E-007
   266.50000000000000       -6.6676453790071918E-007
   267.00000000000000        8.1110215619975360E-007
   267.50000000000000       -9.5822795540379042E-007
   268.00000000000000        1.1057630428554347E-006
   268.50000000000000       -1.2509743021417725E-006
   269.00000000000000        1.3907877121071450E-006
   269.50000000000000       -1.5218150370178084E-006
   270.00000000000000        1.6403956821064244E-006
   270.50000000000000       -1.7426553741854021E-006
   271.00000000000000        1.8245829377314783E-006
   271.50000000000000       -1.8821260393660653E-006
   272.00000000000000        1.9113060976524180E-006
   272.50000000000000       -1.9083518481154096E-006
   273.00000000000000        1.8698500595872722E-006
   273.50000000000000       -1.7929108794214076E-006
   274.00000000000000        1.6753440070538784E-006
   274.50000000000000       -1.5158406386467329E-006
   275.00000000000000        1.3141546890807262E-006
   275.50000000000000       -1.0712754847129961E-006
   276.00000000000000        7.8958276748885266E-007
   276.50000000000000       -4.7297379111637054E-007
   277.00000000000000        1.2695138826066376E-007
   277.50000000000000        2.4133849543874455E-007
   278.00000000000000       -6.2313128634317656E-007
   278.50000000000000        1.0081409890838709E-006
   279.00000000000000       -1.3847393880258868E-006
   279.50000000000000        1.7402241135052818E-006
   280.00000000000000       -2.0611792293737789E-006
   280.50000000000000        2.3339277191634211E-006
   281.00000000000000       -2.5450701784451023E-006
   281.50000000000000        2.6820980202202545E-006
   282.00000000000000       -2.7340630131302353E-006
   282.50000000000000        2.6922780194808852E-006
   283.00000000000000       -2.5510170182826137E-006
   283.50000000000000        2.3081761014086542E-006
   284.00000000000000       -1.9658519175440197E-006
   284.50000000000000        1.5307903796371976E-006
   285.00000000000000       -1.0146572262730358E-006
   285.50000000000000        4.3408363060533921E-007
   286.00000000000000        1.8955472236918056E-007
   286.50000000000000       -8.3065761827072554E-007
   287.00000000000000        1.4602385455470884E-006
   287.50000000000000       -2.0470830098506307E-006
   288.00000000000000        2.5592075396767301E-006
   288.50000000000000       -2.9655759010523837E-006
   289.00000000000000        3.2380030613974649E-006
   289.50000000000000       -3.3531514501701204E-006
   290.00000000000000        3.2944998726304385E-006
   290.50000000000000       -3.0541456542271725E-006
   291.00000000000000        2.6342875572105576E-006
   291.50000000000000       -2.0482335339735332E-006
   292.00000000000000        1.3207855718958496E-006
   292.50000000000000       -4.8787582562678479E-007
   293.00000000000000       -4.0463528462407359E-007
   293.50000000000000        1.3030371377831133E-006
   294.00000000000000       -2.1486970605363305E-006
   294.50000000000000        2.8817380412939993E-006
   295.00000000000000       -3.4452857394260579E-006
   295.50000000000000        3.7900254920853007E-006
   296.00000000000000       -3.8787395523139622E-006
   296.50000000000000        3.6904411238149609E-006
   297.00000000000000       -3.2236937717680451E-006
   297.50000000000000        2.4987102320460830E-006
   298.00000000000000       -1.5578699810246304E-006
   298.50000000000000        4.6438340915424455E-007
   299.00000000000000        7.0103812197033103E-007
   299.50000000000000       -1.8454779677163243E-006
   300.00000000000000        2.8708506319050069E-006
   300.50000000000000       -3.6822455531506394E-006
   301.00000000000000        4.1969447507787184E-006
   301.50000000000000       -4.3533128007987446E-006
   302.00000000000000        4.1186463480616664E-006
   302.50000000000000       -3.4950395490218782E-006
   303.00000000000000        2.5223901794354510E-006
   303.50000000000000       -1.2778497229983158E-006
   304.00000000000000       -1.2869083424925377E-007
   304.50000000000000        1.5631032013581105E-006
   305.00000000000000       -2.8790837710673783E-006
   305.50000000000000        3.9328708459637821E-006
   306.00000000000000       -4.5992667971098152E-006
   306.50000000000000        4.7872614722265939E-006
   307.00000000000000       -4.4533544855592937E-006
   307.50000000000000        3.6106837028602598E-006
   308.00000000000000       -2.3323216894962773E-006
   308.50000000000000        7.4761072502884930E-007
   309.00000000000000        9.6885338951787569E-007
   309.50000000000000       -2.6150691827406773E-006
   310.00000000000000        3.9848072987049834E-006
   310.50000000000000       -4.8936878519959222E-006
   311.00000000000000        5.2049942575383682E-006
   311.50000000000000       -4.8516642502156412E-006
   312.00000000000000        3.8509552936927709E-006
   312.50000000000000       -2.3088597849004492E-006
   313.00000000000000        4.1244615740948717E-007
   313.50000000000000        1.5901557241594052E-006
   314.00000000000000       -3.4205891624635093E-006
   314.50000000000000        4.8085384599117747E-006
   315.00000000000000       -5.5324498852401357E-006
   315.50000000000000        5.4566915045868213E-006
   316.00000000000000       -4.5589251499610861E-006
   316.50000000000000        2.9422426597027966E-006
   317.00000000000000       -8.2841802991711291E-007
   317.50000000000000       -1.4686970568920774E-006
   318.00000000000000        3.5873796113974143E-006
   318.50000000000000       -5.1742919650845882E-006
   319.00000000000000        5.9444490882239669E-006
   319.50000000000000       -5.7348646602087767E-006
   320.00000000000000        4.5417305737178883E-006
   320.50000000000000       -2.5327187822804844E-006
   321.00000000000000        2.9536332507448367E-008
   321.50000000000000        2.5391836868649042E-006
   322.00000000000000       -4.7089543348692471E-006
   322.50000000000000        6.0634871393754657E-006
   323.00000000000000       -6.3168999067459827E-006
   323.50000000000000        5.3778487935730583E-006
   324.00000000000000       -3.3810381681728103E-006
   324.50000000000000        6.7645342444915058E-007
   325.00000000000000        2.2257872035598843E-006
   325.50000000000000       -4.7480675140760576E-006
   326.00000000000000        6.3597816036957952E-006
   326.50000000000000       -6.6916101043073296E-006
   327.00000000000000        5.6249586774179179E-006
   327.50000000000000       -3.3345897989477925E-006
   328.00000000000000        2.7040101806727334E-007
   328.50000000000000        2.9235476859892173E-006
   329.00000000000000       -5.5405027190816937E-006
   329.50000000000000        6.9676288797443355E-006
   330.00000000000000       -6.8336536344801326E-006
   330.50000000000000        5.1117565024430210E-006
   331.00000000000000       -2.1487379919999318E-006
   331.50000000000000       -1.3936751958496287E-006
   332.00000000000000        4.6793178885590798E-006
   332.50000000000000       -6.8925929874957446E-006
   333.00000000000000        7.4438705572780756E-006
   333.50000000000000       -6.1336661182618022E-006
   334.00000000000000        3.2291417183447099E-006
   334.50000000000000        5.7536733427808644E-007
   335.00000000000000       -4.3140852620673468E-006
   335.50000000000000        6.9905677354627722E-006
   336.00000000000000       -7.8455932374516369E-006
   336.50000000000000        6.5805422056544156E-006
   337.00000000000000       -3.4695776129605344E-006
   337.50000000000000       -6.8137496023074836E-007
   338.00000000000000        4.7310021275685030E-006
   338.50000000000000       -7.5112545251824031E-006
   339.00000000000000        8.1674282595033773E-006
   339.50000000000000       -6.4309774475044852E-006
   340.00000000000000        2.7365449287579779E-006
   340.50000000000000        1.8665535048934569E-006
   341.00000000000000       -5.9992936509115107E-006
   341.50000000000000        8.3624052683102544E-006
   342.00000000000000       -8.1512863924914299E-006
   342.50000000000000        5.3434058911658243E-006
   343.00000000000000       -7.5338563228156321E-007
   343.50000000000000       -4.1827968104799518E-006
   344.00000000000000        7.8462064185617198E-006
   344.50000000000000       -8.9673300455851873E-006
   345.00000000000000        7.0786323134461205E-006
   345.50000000000000       -2.7237779243669258E-006
   346.00000000000000       -2.6708129782376755E-006
   346.50000000000000        7.2457092420382048E-006
   347.00000000000000       -9.3458665454223127E-006
   347.50000000000000        8.1304284674107569E-006
   348.00000000000000       -3.9285666729881285E-006
   348.50000000000000       -1.8126131389509163E-006
   349.00000000000000        7.0032765654807123E-006
   349.50000000000000       -9.6642882339702279E-006
   350.00000000000000        8.6923084264260606E-006
   350.50000000000000       -4.3394191558686488E-006
   351.00000000000000       -1.8059159627441183E-006
   351.50000000000000        7.3709758821467355E-006
   352.00000000000000       -1.0105996976898008E-005
   352.50000000000000        8.8058874888109580E-006
   353.00000000000000       -3.8669748556401116E-006
   353.50000000000000       -2.7843183117725493E-006
   354.00000000000000        8.4130870997096949E-006
   354.50000000000000       -1.0593437771772764E-005
   355.00000000000000        8.2714588015654625E-006
   355.50000000000000       -2.3041609846331879E-006
   356.00000000000000       -4.8074346191332614E-006
   356.50000000000000        9.9381728164118957E-006
   357.00000000000000       -1.0712057440211364E-005
   357.50000000000000        6.6293687978827115E-006
   358.00000000000000        5.9447934235673524E-007
   358.50000000000000       -7.7016933718010756E-006
   359.00000000000000        1.1340764035044773E-005
   359.50000000000000       -9.6607601238283137E-006
   360.00000000000000        3.2910486730736603E-006
   360.50000000000000        4.8234950850635617E-006
   361.00000000000000       -1.0743418877257626E-005
   361.50000000000000        1.1444345034520119E-005
   362.00000000000000       -6.3961975339972865E-006
   362.50000000000000       -2.0233973987299163E-006
   363.00000000000000        9.5900692531560320E-006
   363.50000000000000       -1.2332040777459812E-005
   364.00000000000000        8.6407413311558983E-006
   364.50000000000000       -2.6418098970431744E-007
   365.00000000000000       -8.4445523122024996E-006
   365.50000000000000        1.2753342864703603E-005
   366.00000000000000       -1.0139445663061077E-005
   366.50000000000000        1.8222785271699259E-006
   367.00000000000000        7.7106772500084330E-006
   367.50000000000000       -1.3075315649388957E-005
   368.00000000000000        1.1042270932406335E-005
   368.50000000000000       -2.5409652242943164E-006
   369.00000000000000       -7.6507067448703884E-006
   369.50000000000000        1.3531493973599190E-005
   370.00000000000000       -1.1418772059996848E-005
   370.50000000000000        2.3211397869586289E-006
   371.00000000000000        8.4143781807518979E-006
   371.50000000000000       -1.4178933277172009E-005
   372.00000000000000        1.1182819750787234E-005
   372.50000000000000       -1.0235273316085072E-006
   373.00000000000000       -1.0032395459306864E-005
   373.50000000000000        1.4849531732659071E-005
   374.00000000000000       -1.0054555993231897E-005
   374.50000000000000       -1.5120857402492329E-006
   375.00000000000000        1.2344245918797696E-005
   375.50000000000000       -1.5087231192389163E-005
   376.00000000000000        7.5815188703559226E-006
   376.50000000000000        5.3451818274451763E-006
   377.00000000000000       -1.4853224347380574E-005
   377.50000000000000        1.4108534957168308E-005
   378.00000000000000       -3.2797748595858053E-006
   378.50000000000000       -1.0180539395909273E-005
   379.00000000000000        1.6554263537620872E-005
   379.50000000000000       -1.0893281454543508E-005
   380.00000000000000       -3.0175674698197709E-006
   380.50000000000000        1.5006402775488324E-005
   381.00000000000000       -1.5887121902679702E-005
   381.50000000000000        4.5827293284309584E-006
   382.00000000000000        1.0566918787439585E-005
   382.50000000000000       -1.7809787169256781E-005
   383.00000000000000        1.1113247443557823E-005
   383.50000000000000        4.6625239625487911E-006
   384.00000000000000       -1.7069202520791633E-005
   384.50000000000000        1.5826088675943122E-005
   385.00000000000000       -1.4594410353073741E-006
   385.50000000000000       -1.4503653412488285E-005
   386.00000000000000        1.8635181333432926E-005
   386.50000000000000       -6.9678639044532018E-006
   387.00000000000000       -1.1020860436921421E-005
   387.50000000000000        1.9883123988212773E-005
   388.00000000000000       -1.1467562777892864E-005
   388.50000000000000       -7.3843737081631274E-006
   389.00000000000000        2.0105713150287953E-005
   389.50000000000000       -1.4896957192512416E-005
   390.00000000000000       -4.1402174930463086E-006
   390.50000000000000        1.9860286694014770E-005
   391.00000000000000       -1.7386637720562941E-005
   391.50000000000000       -1.6382401398704321E-006
   392.00000000000000        1.9629208664269777E-005
   392.50000000000000       -1.9128024483484769E-005
   393.00000000000000       -9.8687281973431137E-008
   393.50000000000000        1.9779058546567447E-005
   394.00000000000000       -2.0269797555169157E-005
   394.50000000000000        3.1404711481898085E-007
   395.00000000000000        2.0545300054303250E-005
   395.50000000000000       -2.0840572633657015E-005
   396.00000000000000       -5.6377917241601001E-007
   396.50000000000000        2.2012994949926204E-005
   397.00000000000000       -2.0690976018271680E-005
   397.50000000000000       -2.9120792105887114E-006
   398.00000000000000        2.4070677802466939E-005
   398.50000000000000       -1.9455635336842746E-005
   399.00000000000000       -6.8840740005810582E-006
   399.50000000000000        2.6326524887291863E-005
   400.00000000000000       -1.6554536514633231E-005
   400.50000000000000       -1.2478437655220749E-005
   401.00000000000000        2.7999074512681921E-005
   401.50000000000000       -1.1281476340634984E-005
   402.00000000000000       -1.9306910563920117E-005
   402.50000000000000        2.7838215438070720E-005
   403.00000000000000       -3.0553498899236139E-006
   403.50000000000000       -2.6275360057900831E-005
   404.00000000000000        2.4200466308794416E-005
   404.50000000000000        8.0904318507384448E-006
   405.00000000000000       -3.1293941617475093E-005
   405.50000000000000        1.5475818743943021E-005
   406.00000000000000        2.0790976869262394E-005
   406.50000000000000       -3.1302222551518121E-005
   407.00000000000000        1.0650897810541003E-006
   407.50000000000000        3.1661616495705486E-005
   408.00000000000000       -2.3075890157268929E-005
   408.50000000000000       -1.7119713412932377E-005
   409.00000000000000        3.5316513636396923E-005
   409.50000000000000       -5.2479213797493056E-006
   410.00000000000000       -3.3293502167869605E-005
   410.50000000000000        2.6151888398650283E-005
   411.00000000000000        1.8687767596497309E-005
   411.50000000000000       -3.8219280359429833E-005
   412.00000000000000        2.6215228686478207E-006
   412.50000000000000        3.8250999854580581E-005
   413.00000000000000       -2.3587867912099516E-005
   413.50000000000000       -2.7297744292767260E-005
   414.00000000000000        3.8562440576960569E-005
   414.50000000000000        9.2475049554522430E-006
   415.00000000000000       -4.4610979163707724E-005
   415.50000000000000        1.1062861783639426E-005
   416.00000000000000        4.1564031548174565E-005
   416.50000000000000       -2.9410753532643734E-005
   417.00000000000000       -3.1241596929564692E-005
   417.50000000000000        4.3051851326972396E-005
   418.00000000000000        1.6397849426005492E-005
   418.50000000000000       -5.0893029985735732E-005
   419.00000000000000        2.0065071569656812E-007
   419.50000000000000        5.3196268169739795E-005
   420.00000000000000       -1.6363133320273071E-005
   420.50000000000000       -5.1082552779729844E-005
   421.00000000000000        3.0711134808952553E-005
   421.50000000000000        4.6046437751458941E-005
   422.00000000000000       -4.2649603875111562E-005
   422.50000000000000       -3.9597457844947820E-005
   423.00000000000000        5.2188685111546361E-005
   423.50000000000000        3.3061015767758566E-005
   424.00000000000000       -5.9714092852839625E-005
   424.50000000000000       -2.7518149846157699E-005
   425.00000000000000        6.5766004631437480E-005
   425.50000000000000        2.3839764401803167E-005
   426.00000000000000       -7.0849299302028215E-005
   426.50000000000000       -2.2768347025387673E-005
   427.00000000000000        7.5265579113940482E-005
   427.50000000000000        2.4991146340318236E-005
   428.00000000000000       -7.8972225699213458E-005
   428.50000000000000       -3.1220496317550097E-005
   429.00000000000000        8.1301941959008935E-005
   429.50000000000000        4.1885150584446770E-005
   430.00000000000000       -8.1323214993476086E-005
   430.50000000000000       -5.8112248353182599E-005
   431.00000000000000        7.5054395914297050E-005
   431.50000000000000        7.5695555668747302E-005
   432.00000000000000       -6.6954006823171785E-005
   432.50000000000000       -1.0760826294495044E-004
   433.00000000000000        2.4114909495562680E-005
   433.50000000000000        9.3204668724469514E-005
   434.00000000000000       -4.8271711732070482E-005
   434.50000000000000       -2.1540903941667851E-004
   435.00000000000000       -2.0165919925844492E-004
   435.50000000000000       -1.3432131790582061E-004
   436.00000000000000       -3.0371197101467813E-004
   436.50000000000000       -7.4409485625371848E-004
   437.00000000000000       -1.2224268696087363E-003
   437.50000000000000       -1.6501148469725265E-003
   438.00000000000000       -2.3004626644018843E-003
   438.50000000000000       -3.5178140400182164E-003
   439.00000000000000       -5.3401867201732884E-003
   439.50000000000000       -7.5590376547299189E-003
   440.00000000000000       -1.0118144065060000E-002
   440.50000000000000       -1.3302091521612323E-002
   441.00000000000000       -1.7459878865716070E-002
   441.50000000000000       -2.2607812268539810E-002
   442.00000000000000       -2.8387471760290665E-002
   442.50000000000000       -3.4407482294552164E-002
   443.00000000000000       -4.0556251720958648E-002
   443.50000000000000       -4.6936929438400131E-002
   444.00000000000000       -5.3515362705476119E-002
   444.50000000000000       -5.9872492611578773E-002
   445.00000000000000       -6.5323060513280781E-002
   445.50000000000000       -6.9289171839368197E-002
   446.00000000000000       -7.1590355367616584E-002
   446.50000000000000       -7.2415988903615933E-002
   447.00000000000000       -7.2036383912535529E-002
   447.50000000000000       -7.0510606526834996E-002
   448.00000000000000       -6.7617980320385102E-002
   448.50000000000000       -6.3045918483394567E-002
   449.00000000000000       -5.6683901911574616E-002
   449.50000000000000       -4.8824723739811893E-002
   450.00000000000000       -4.0159219112676052E-002
   450.50000000000000       -3.1583666004917368E-002
   451.00000000000000       -2.3930377460998770E-002
   451.50000000000000       -1.7744257525124270E-002
   452.00000000000000       -1.3179378840824083E-002
   452.50000000000000       -1.0023296384970487E-002
   453.00000000000000       -7.8089101247127007E-003
   453.50000000000000       -5.9577947000144923E-003
   454.00000000000000       -3.9089288815698205E-003
   454.50000000000000       -1.2082244118434469E-003
   455.00000000000000        2.4455337248613100E-003
   455.50000000000000        7.1901770394543502E-003
   456.00000000000000        1.3012579710886965E-002
   456.50000000000000        1.9772778511704083E-002
   457.00000000000000        2.7232180726199141E-002
   457.50000000000000        3.5081946571159033E-002
   458.00000000000000        4.2970244588734469E-002
   458.50000000000000        5.0528379999288844E-002
   459.00000000000000        5.7396033016506122E-002
   459.50000000000000        6.3245419829898758E-002
   460.00000000000000        6.7803501879782874E-002
   460.50000000000000        7.0870752957476260E-002
   461.00000000000000        7.2334693504751954E-002
   461.50000000000000        7.2176552111785072E-002
   462.00000000000000        7.0470022838728899E-002
   462.50000000000000        6.7372035381073767E-002
   463.00000000000000        6.3106532370488203E-002
   463.50000000000000        5.7943209737761271E-002
   464.00000000000000        5.2173811437641548E-002
   464.50000000000000        4.6088756201275158E-002
   465.00000000000000        3.9956600874856397E-002
   465.50000000000000        3.4008204695714486E-002
   466.00000000000000        2.8426610998654973E-002
   466.50000000000000        2.3342786397565547E-002
   467.00000000000000        1.8836607339944623E-002
   467.50000000000000        1.4941961701710827E-002
   468.00000000000000        1.1654576947513238E-002
   468.50000000000000        8.9411777679801550E-003
   469.00000000000000        6.7487573176733470E-003
   469.50000000000000        5.0130416921247249E-003
   470.00000000000000        3.6655628297716509E-003
   470.50000000000000        2.6390708266808395E-003
   471.00000000000000        1.8712737567762837E-003
   471.50000000000000        1.3070736873304529E-003
   472.00000000000000        8.9957123142180603E-004
   472.50000000000000        6.1014892696744066E-004
   473.00000000000000        4.0793307093603219E-004
   473.50000000000000        2.6889252929144391E-004
   474.00000000000000        1.7477748507485768E-004
   474.50000000000000        1.1204324534400951E-004
   475.00000000000000        7.0852039423543767E-005
   475.50000000000000        4.4203356903986471E-005
   476.00000000000000        2.7212032876000733E-005
   476.50000000000000        1.6532298412300238E-005
   477.00000000000000        9.9136344738069296E-006
   477.50000000000000        5.8683807375115760E-006
   478.00000000000000        3.4296138754588782E-006
   478.50000000000000        1.9790979360515919E-006
   479.00000000000000        1.1278097615254109E-006
   479.50000000000000        6.3474645223828983E-007
   480.00000000000000        3.5286456286934944E-007
   480.50000000000000        1.9377815270919869E-007
   481.00000000000000        1.0513191340073766E-007
   481.50000000000000        5.6355943155444625E-008
   482.00000000000000        2.9851158159448497E-008
   482.50000000000000        1.5625663337044136E-008
   483.00000000000000        8.0836914972144915E-009
   483.50000000000000        4.1334425786867967E-009
   484.00000000000000        2.0892034155747551E-009
   484.50000000000000        1.0438805115643413E-009
   485.00000000000000        5.1565072352300915E-010
   485.50000000000000        2.5184177542103320E-010
   486.00000000000000        1.2161825486989371E-010
   486.50000000000000        5.8076341812448438E-011
   487.00000000000000        2.7425780086784258E-011
   487.50000000000000        1.2808754542796923E-011
   488.00000000000000        5.9165852038032904E-012
   488.50000000000000        2.7032052072708051E-012
   489.00000000000000        1.2216793055595066E-012
   489.50000000000000        5.4617481180781374E-013
   490.00000000000000        2.4156145456204836E-013
   490.50000000000000        1.0569872517883647E-013
   491.00000000000000        4.5759578759843035E-014
   491.50000000000000        1.9601434656373663E-014
   492.00000000000000        8.3082607919367297E-015
   492.50000000000000        3.4847457730368132E-015
   493.00000000000000        1.4464138366434513E-015
   493.50000000000000        5.9414956501091377E-016
   494.00000000000000        2.4154692644465055E-016
   494.50000000000000        9.7191896774653145E-017
   495.00000000000000        3.8708045645526277E-017
   495.50000000000000        1.5259294851179804E-017
   496.00000000000000        5.9545460798355979E-018
   496.50000000000000        2.3001820633757160E-018
   497.00000000000000        8.7961367077725746E-019
   497.50000000000000        3.3300105287600114E-019
   498.00000000000000        1.2478490605649385E-019
   498.50000000000000        4.6221845655016753E-020
   499.00000000000000        1.6738395563629783E-020
   499.50000000000000        5.3962076518030136E-021
   500.00000000000000        0.0000000000000000     
