   0.0000000000000000        0.0000000000000000     
  0.50000000000000000        0.0000000000000000     
   1.0000000000000000        0.0000000000000000     
   1.5000000000000000        0.0000000000000000     
   2.0000000000000000        0.0000000000000000     
   2.5000000000000000        0.0000000000000000     
   3.0000000000000000        0.0000000000000000     
   3.5000000000000000        0.0000000000000000     
   4.0000000000000000        0.0000000000000000     
   4.5000000000000000        0.0000000000000000     
   5.0000000000000000        0.0000000000000000     
   5.5000000000000000        0.0000000000000000     
   6.0000000000000000        0.0000000000000000     
   6.5000000000000000        0.0000000000000000     
   7.0000000000000000        0.0000000000000000     
   7.5000000000000000        0.0000000000000000     
   8.0000000000000000        0.0000000000000000     
   8.5000000000000000        0.0000000000000000     
   9.0000000000000000        0.0000000000000000     
   9.5000000000000000        0.0000000000000000     
   10.000000000000000        0.0000000000000000     
   10.500000000000000        0.0000000000000000     
   11.000000000000000        0.0000000000000000     
   11.500000000000000        0.0000000000000000     
   12.000000000000000        0.0000000000000000     
   12.500000000000000        0.0000000000000000     
   13.000000000000000        0.0000000000000000     
   13.500000000000000        0.0000000000000000     
   14.000000000000000        0.0000000000000000     
   14.500000000000000        0.0000000000000000     
   15.000000000000000        0.0000000000000000     
   15.500000000000000        0.0000000000000000     
   16.000000000000000        0.0000000000000000     
   16.500000000000000        0.0000000000000000     
   17.000000000000000        0.0000000000000000     
   17.500000000000000        0.0000000000000000     
   18.000000000000000        0.0000000000000000     
   18.500000000000000        0.0000000000000000     
   19.000000000000000        0.0000000000000000     
   19.500000000000000        0.0000000000000000     
   20.000000000000000        0.0000000000000000     
   20.500000000000000        0.0000000000000000     
   21.000000000000000        0.0000000000000000     
   21.500000000000000        0.0000000000000000     
   22.000000000000000        0.0000000000000000     
   22.500000000000000        0.0000000000000000     
   23.000000000000000        0.0000000000000000     
   23.500000000000000        0.0000000000000000     
   24.000000000000000        0.0000000000000000     
   24.500000000000000        0.0000000000000000     
   25.000000000000000        0.0000000000000000     
   25.500000000000000        0.0000000000000000     
   26.000000000000000        0.0000000000000000     
   26.500000000000000        0.0000000000000000     
   27.000000000000000        0.0000000000000000     
   27.500000000000000        0.0000000000000000     
   28.000000000000000        0.0000000000000000     
   28.500000000000000        0.0000000000000000     
   29.000000000000000        0.0000000000000000     
   29.500000000000000        0.0000000000000000     
   30.000000000000000        0.0000000000000000     
   30.500000000000000        0.0000000000000000     
   31.000000000000000        0.0000000000000000     
   31.500000000000000        0.0000000000000000     
   32.000000000000000        0.0000000000000000     
   32.500000000000000        0.0000000000000000     
   33.000000000000000        0.0000000000000000     
   33.500000000000000        0.0000000000000000     
   34.000000000000000        0.0000000000000000     
   34.500000000000000        0.0000000000000000     
   35.000000000000000        0.0000000000000000     
   35.500000000000000        0.0000000000000000     
   36.000000000000000        0.0000000000000000     
   36.500000000000000        0.0000000000000000     
   37.000000000000000        0.0000000000000000     
   37.500000000000000        0.0000000000000000     
   38.000000000000000        0.0000000000000000     
   38.500000000000000        0.0000000000000000     
   39.000000000000000        0.0000000000000000     
   39.500000000000000        0.0000000000000000     
   40.000000000000000        0.0000000000000000     
   40.500000000000000        0.0000000000000000     
   41.000000000000000        0.0000000000000000     
   41.500000000000000        0.0000000000000000     
   42.000000000000000        0.0000000000000000     
   42.500000000000000        0.0000000000000000     
   43.000000000000000        0.0000000000000000     
   43.500000000000000        0.0000000000000000     
   44.000000000000000        0.0000000000000000     
   44.500000000000000        0.0000000000000000     
   45.000000000000000        0.0000000000000000     
   45.500000000000000        0.0000000000000000     
   46.000000000000000        0.0000000000000000     
   46.500000000000000        0.0000000000000000     
   47.000000000000000        0.0000000000000000     
   47.500000000000000        0.0000000000000000     
   48.000000000000000        0.0000000000000000     
   48.500000000000000        0.0000000000000000     
   49.000000000000000        0.0000000000000000     
   49.500000000000000        0.0000000000000000     
   50.000000000000000        0.0000000000000000     
   50.500000000000000        0.0000000000000000     
   51.000000000000000        0.0000000000000000     
   51.500000000000000        0.0000000000000000     
   52.000000000000000        0.0000000000000000     
   52.500000000000000        0.0000000000000000     
   53.000000000000000       -1.3877787807814457E-017
   53.500000000000000       -2.7755575615628914E-017
   54.000000000000000       -9.7144514654701197E-017
   54.500000000000000       -2.0816681711721685E-016
   55.000000000000000       -5.2735593669694936E-016
   55.500000000000000       -1.2212453270876722E-015
   56.000000000000000       -2.8588242884097781E-015
   56.500000000000000       -6.5503158452884236E-015
   57.000000000000000       -1.4876988529977098E-014
   57.500000000000000       -3.3389957465601583E-014
   58.000000000000000       -7.4135142469344828E-014
   58.500000000000000       -1.6288359550031828E-013
   59.000000000000000       -3.5409175591638586E-013
   59.500000000000000       -7.6165462825628083E-013
   60.000000000000000       -1.6209950048917676E-012
   60.500000000000000       -3.4134917115125063E-012
   61.000000000000000       -7.1119637956584825E-012
   61.500000000000000       -1.4660647695841078E-011
   62.000000000000000       -2.9900568132568139E-011
   62.500000000000000       -6.0334098828107585E-011
   63.000000000000000       -1.2044643060704630E-010
   63.500000000000000       -2.3788386538381445E-010
   64.000000000000000       -4.6480096160816942E-010
   64.500000000000000       -8.9844397199723147E-010
   65.000000000000000       -1.7180166594910062E-009
   65.500000000000000       -3.2498718993689835E-009
   66.000000000000000       -6.0813114960422965E-009
   66.500000000000000       -1.1256660964464871E-008
   67.000000000000000       -2.0610662301856486E-008
   67.500000000000000       -3.7327810634146807E-008
   68.000000000000000       -6.6868091591620882E-008
   68.500000000000000       -1.1847813989607214E-007
   69.000000000000000       -2.0762365850190978E-007
   69.500000000000000       -3.5984919005693783E-007
   70.000000000000000       -6.1681418904446783E-007
   70.500000000000000       -1.0455928931701886E-006
   71.000000000000000       -1.7527857421456572E-006
   71.500000000000000       -2.9055986436044012E-006
   72.000000000000000       -4.7628260550075519E-006
   72.500000000000000       -7.7196366284337792E-006
   73.000000000000000       -1.2371196838237286E-005
   73.500000000000000       -1.9601434108007521E-005
   74.000000000000000       -3.0704539230277939E-005
   74.500000000000000       -4.7547968429345611E-005
   75.000000000000000       -7.2786466017063511E-005
   75.500000000000000       -1.1013661934676511E-004
   76.000000000000000       -1.6472019661878390E-004
   76.500000000000000       -2.4348142516909810E-004
   77.000000000000000       -3.5567780851943065E-004
   77.500000000000000       -5.1343544632498350E-004
   78.000000000000000       -7.3234765689049464E-004
   78.500000000000000       -1.0320798778274132E-003
   79.000000000000000       -1.4369247455892215E-003
   79.500000000000000       -1.9762301038286911E-003
   80.000000000000000       -2.6846016067299389E-003
   80.500000000000000       -3.6017637936766322E-003
   81.000000000000000       -4.7719532784980673E-003
   81.500000000000000       -6.2427200215031953E-003
   82.000000000000000       -8.0630326592387030E-003
   82.500000000000000       -1.0280625837781970E-002
   83.000000000000000       -1.2938593614023691E-002
   83.500000000000000       -1.6071321958466014E-002
   84.000000000000000       -1.9699959229743089E-002
   84.500000000000000       -2.3827734914236703E-002
   85.000000000000000       -2.8435537778166542E-002
   85.500000000000000       -3.3478235628394762E-002
   86.000000000000000       -3.8882241012794749E-002
   86.500000000000000       -4.4544785647041799E-002
   87.000000000000000       -5.0335255051670871E-002
   87.500000000000000       -5.6098759656389233E-002
   88.000000000000000       -6.1661898134089468E-002
   88.500000000000000       -6.6840432274827319E-002
   89.000000000000000       -7.1448375143773099E-002
   89.500000000000000       -7.5307828992675227E-002
   90.000000000000000       -7.8258821374832824E-002
   90.500000000000000       -8.0168388568132978E-002
   91.000000000000000       -8.0938240793537133E-002
   91.500000000000000       -8.0510496315518335E-002
   92.000000000000000       -7.8871164907214866E-002
   92.500000000000000       -7.6051266040982710E-002
   93.000000000000000       -7.2125657001856344E-002
   93.500000000000000       -6.7209801263799288E-002
   94.000000000000000       -6.1454817001097645E-002
   94.500000000000000       -5.5041207122118053E-002
   95.000000000000000       -4.8171690079274909E-002
   95.500000000000000       -4.1063533624744381E-002
   96.000000000000000       -3.3940752207777924E-002
   96.500000000000000       -2.7026473268147930E-002
   97.000000000000000       -2.0535717220286187E-002
   97.500000000000000       -1.4668777255862936E-002
   98.000000000000000       -9.6053327645310715E-003
   98.500000000000000       -5.4993866867153740E-003
   99.000000000000000       -2.4750833327777388E-003
   99.500000000000000       -6.2343880208275138E-004
   100.00000000000000        4.1633363423443370E-017
   100.50000000000000        6.2343880208283464E-004
   101.00000000000000        2.4750833327778221E-003
   101.50000000000000        5.4993866867154573E-003
   102.00000000000000        9.6053327645311548E-003
   102.50000000000000        1.4668777255863019E-002
   103.00000000000000        2.0535717220286270E-002
   103.50000000000000        2.7026473268147999E-002
   104.00000000000000        3.3940752207777994E-002
   104.50000000000000        4.1063533624744464E-002
   105.00000000000000        4.8171690079274979E-002
   105.50000000000000        5.5041207122118116E-002
   106.00000000000000        6.1454817001097714E-002
   106.50000000000000        6.7209801263799343E-002
   107.00000000000000        7.2125657001856400E-002
   107.50000000000000        7.6051266040982765E-002
   108.00000000000000        7.8871164907214894E-002
   108.50000000000000        8.0510496315518418E-002
   109.00000000000000        8.0938240793537161E-002
   109.50000000000000        8.0168388568133020E-002
   110.00000000000000        7.8258821374832824E-002
   110.50000000000000        7.5307828992675269E-002
   111.00000000000000        7.1448375143773099E-002
   111.50000000000000        6.6840432274827360E-002
   112.00000000000000        6.1661898134089475E-002
   112.50000000000000        5.6098759656389274E-002
   113.00000000000000        5.0335255051670885E-002
   113.50000000000000        4.4544785647041805E-002
   114.00000000000000        3.8882241012794770E-002
   114.50000000000000        3.3478235628394783E-002
   115.00000000000000        2.8435537778166566E-002
   115.50000000000000        2.3827734914236731E-002
   116.00000000000000        1.9699959229743116E-002
   116.50000000000000        1.6071321958466042E-002
   117.00000000000000        1.2938593614023709E-002
   117.50000000000000        1.0280625837781988E-002
   118.00000000000000        8.0630326592387239E-003
   118.50000000000000        6.2427200215031996E-003
   119.00000000000000        4.7719532784980950E-003
   119.50000000000000        3.6017637936766431E-003
   120.00000000000000        2.6846016067299597E-003
   120.50000000000000        1.9762301038287007E-003
   121.00000000000000        1.4369247455892449E-003
   121.50000000000000        1.0320798778274344E-003
   122.00000000000000        7.3234765689050981E-004
   122.50000000000000        5.1343544632500508E-004
   123.00000000000000        3.5567780851944865E-004
   123.50000000000000        2.4348142516912309E-004
   124.00000000000000        1.6472019661880401E-004
   124.50000000000000        1.1013661934678869E-004
   125.00000000000000        7.2786466017076007E-005
   125.50000000000000        4.7547968429364544E-005
   126.00000000000000        3.0704539230283908E-005
   126.50000000000000        1.9601434108024546E-005
   127.00000000000000        1.2371196838234948E-005
   127.50000000000000        7.7196366284565711E-006
   128.00000000000000        4.7628260550134582E-006
   128.50000000000000        2.9055986436183625E-006
   129.00000000000000        1.7527857421499876E-006
   129.50000000000000        1.0455928931811119E-006
   130.00000000000000        6.1681418905492901E-007
   130.50000000000000        3.5984919006011632E-007
   131.00000000000000        2.0762365852130313E-007
   131.50000000000000        1.1847813990037981E-007
   132.00000000000000        6.6868091612179139E-008
   132.50000000000000        3.7327810640879244E-008
   133.00000000000000        2.0610662327860689E-008
   133.50000000000000        1.1256660972863242E-008
   134.00000000000000        6.0813115183198635E-009
   134.50000000000000        3.2498719013818295E-009
   135.00000000000000        1.7180166764127672E-009
   135.50000000000000        8.9844397407720297E-010
   136.00000000000000        4.6480098151208110E-010
   136.50000000000000        2.3788386817683787E-010
   137.00000000000000        1.2044644495984014E-010
   137.50000000000000        6.0334090684366842E-011
   138.00000000000000        2.9900589690673056E-011
   138.50000000000000        1.4660642592800983E-011
   139.00000000000000        7.1119761727024917E-012
   139.50000000000000        3.4134934909551514E-012
   140.00000000000000        1.6210131902840755E-012
   140.50000000000000        7.6165731662923026E-013
   141.00000000000000        3.5409920330207680E-013
   141.50000000000000        1.6288795166325415E-013
   142.00000000000000        7.4140898418056196E-014
   142.50000000000000        3.3391625870153830E-014
   143.00000000000000        1.4881060620866523E-014
   143.50000000000000        6.5622438498563232E-015
   144.00000000000000        2.8635078036088870E-015
   144.50000000000000        1.2364515191258190E-015
   145.00000000000000        5.2831573103643223E-016
   145.50000000000000        2.2338425946645088E-016
   146.00000000000000        9.3467119123141100E-017
   146.50000000000000        3.8700532968235609E-017
   147.00000000000000        1.5857372405851437E-017
   147.50000000000000        6.4299255877737740E-018
   148.00000000000000        2.5801516208762499E-018
   148.50000000000000        1.0245969473189694E-018
   149.00000000000000        4.0265519201991694E-019
   149.50000000000000        1.5659926321137163E-019
   150.00000000000000        6.0273432748872414E-020
   150.50000000000000        2.2958603477804892E-020
   151.00000000000000        8.6546948526512629E-021
   151.50000000000000        3.2288519190062322E-021
   152.00000000000000        1.1921689255460915E-021
   152.50000000000000        4.3563614177307842E-022
   153.00000000000000        1.5754676479535555E-022
   153.50000000000000        5.6389405489551262E-023
   154.00000000000000        1.9975187245044011E-023
   154.50000000000000        7.0031320590877704E-024
   155.00000000000000        2.4299906758609881E-024
   155.50000000000000        8.3450775939296548E-025
   156.00000000000000        2.8364308965286231E-025
   156.50000000000000        9.5418502950639203E-026
   157.00000000000000        3.1769764310677565E-026
   157.50000000000000        1.0469327058543724E-026
   158.00000000000000        3.4146739085663826E-027
   158.50000000000000        1.1023199179332106E-027
   159.00000000000000        3.5220557073722033E-028
   159.50000000000000        1.1138252939390124E-028
   160.00000000000000        3.4863606316936980E-029
   160.50000000000000        1.0800999729932773E-029
   161.00000000000000        3.3120280112109749E-030
   161.50000000000000        1.0052275527566509E-030
   162.00000000000000        3.0197917451809041E-031
   162.50000000000000        8.9791179193242828E-032
   163.00000000000000        2.6426291951871930E-032
   163.50000000000000        7.6981507668095588E-033
   164.00000000000000        2.2196573779264514E-033
   164.50000000000000        6.3348523372752585E-034
   165.00000000000000        1.7895329944252122E-034
   165.50000000000000        5.0037682211669995E-035
   166.00000000000000        1.3848747057175125E-035
   166.50000000000000        3.7938585410098575E-036
   167.00000000000000        1.0287518515502753E-036
   167.50000000000000        2.7612163240150157E-037
   168.00000000000000        7.3358757804747013E-038
   168.50000000000000        1.9291528376124718E-038
   169.00000000000000        5.0216426064456348E-039
   169.50000000000000        1.2938704621203172E-039
   170.00000000000000        3.2999164019962134E-040
   170.50000000000000        8.3307384315326836E-041
   171.00000000000000        2.0817747360234406E-041
   171.50000000000000        5.1493791397176796E-042
   172.00000000000000        1.2608055338606944E-042
   172.50000000000000        3.0557274852409105E-043
   173.00000000000000        7.3308707670014587E-044
   173.50000000000000        1.7408929375216468E-044
   174.00000000000000        4.0922789076344953E-045
   174.50000000000000        9.5221744061655291E-046
   175.00000000000000        2.1932384137682582E-046
   175.50000000000000        5.0005226811668525E-047
   176.00000000000000        1.1285630420886330E-047
   176.50000000000000        2.5212627682013904E-048
   177.00000000000000        5.5756209459697606E-049
   177.50000000000000        1.2205404465248438E-049
   178.00000000000000        2.6448183968693332E-050
   178.50000000000000        5.6731623123503202E-051
   179.00000000000000        1.2045952278670699E-051
   179.50000000000000        2.5318882539460295E-052
   180.00000000000000        5.2678847951716655E-053
   180.50000000000000        1.0849686730887925E-053
   181.00000000000000        2.2120154932827374E-054
   181.50000000000000        4.4642652500315329E-055
   182.00000000000000        8.9187396715979846E-056
   182.50000000000000        1.7638004515699470E-056
   183.00000000000000        3.4529370209724405E-057
   183.50000000000000        6.6914752702121056E-058
   184.00000000000000        1.2836595684295251E-058
   184.50000000000000        2.4376612402910963E-059
   185.00000000000000        4.5824008006541551E-060
   185.50000000000000        8.5272645467031844E-061
   186.00000000000000        1.5708114062375129E-061
   186.50000000000000        2.8644199497429220E-062
   187.00000000000000        5.1706881323970141E-063
   187.50000000000000        9.2397383905068417E-064
   188.00000000000000        1.6344488569903037E-064
   188.50000000000000        2.8620945019327543E-065
   189.00000000000000        4.9613310619520672E-066
   189.50000000000000        8.5136280466386864E-067
   190.00000000000000        1.4462187032865111E-067
   190.50000000000000        2.4319615984846745E-068
   191.00000000000000        4.0484006023526181E-069
   191.50000000000000        6.6713673984012781E-070
   192.00000000000000        1.0883069863896879E-070
   192.50000000000000        1.7574934681086412E-071
   193.00000000000000        2.8095859272813597E-072
   193.50000000000000        4.4462897359903234E-073
   194.00000000000000        6.9656328050650110E-074
   194.50000000000000        1.0802674690715628E-074
   195.00000000000000        1.6584807764619439E-075
   195.50000000000000        2.5205685847904969E-076
   196.00000000000000        3.7922418974383731E-077
   196.50000000000000        5.6481142838514580E-078
   197.00000000000000        8.3276283854018437E-079
   197.50000000000000        1.2154863758220675E-079
   198.00000000000000        1.7562657142399089E-080
   198.50000000000000        2.5121304366949412E-081
   199.00000000000000        3.5571848996135386E-082
   199.50000000000000        4.9863577958642023E-083
   200.00000000000000        6.9194826336836886E-084
   200.50000000000000        9.5055540247078050E-085
   201.00000000000000        1.2926927156754372E-085
   201.50000000000000        1.7403141429903548E-086
   202.00000000000000        2.3193959631862780E-087
   202.50000000000000        3.0601129445100681E-088
   203.00000000000000        3.9968305192950413E-089
   203.50000000000000        5.1678527206587680E-090
   204.00000000000000        6.6148657758716010E-091
   204.50000000000000        8.3820229586031701E-092
   205.00000000000000        1.0514628694414991E-092
   205.50000000000000        1.3057399708865958E-093
   206.00000000000000        1.6052308296738513E-094
   206.50000000000000        1.9536046849764232E-095
   207.00000000000000        2.3537191937347334E-096
   207.50000000000000        2.8073187832025319E-097
   208.00000000000000        3.3147309845421373E-098
   208.50000000000000        3.8745802943217418E-099
   209.00000000000000        4.4835416266887548E-100
   209.50000000000000        5.1361564988776357E-101
   210.00000000000000        5.8247343661030224E-102
   210.50000000000000        6.5393587465907944E-103
   211.00000000000000        7.2680128902458553E-104
   211.50000000000000        7.9968328971504169E-105
   212.00000000000000        8.7104877662421750E-106
   212.50000000000000        9.3926764485863530E-107
   213.00000000000000        1.0026722367527994E-107
   213.50000000000000        1.0596236930171803E-108
   214.00000000000000        1.1085816188873085E-109
   214.50000000000000        1.1481729832116855E-110
   215.00000000000000        1.1772559723390959E-111
   215.50000000000000        1.1949746629953841E-112
   216.00000000000000        1.2008008632306616E-113
   216.50000000000000        1.1945602676579529E-114
   217.00000000000000        1.1764411197483695E-115
   217.50000000000000        1.1469847805152967E-116
   218.00000000000000        1.1070588628619287E-117
   218.50000000000000        1.0578147917568829E-118
   219.00000000000000        1.0006326862629725E-119
   219.50000000000000        9.3705724212202891E-121
   220.00000000000000        8.6872876190639201E-122
   220.50000000000000        7.9731360519065578E-123
   221.00000000000000        7.2443811972150918E-124
   221.50000000000000        6.5162960423027422E-125
   222.00000000000000        5.8026710862184990E-126
   222.50000000000000        5.1154397976202657E-127
   223.00000000000000        4.4644310071156462E-128
   223.50000000000000        3.8572483553726278E-129
   224.00000000000000        3.2992685721744535E-130
   224.50000000000000        2.7937436132801520E-131
   225.00000000000000        2.3419869005551577E-132
   225.50000000000000        1.9436212366859058E-133
   226.00000000000000        1.5968653262595441E-134
   226.50000000000000        1.2988369813676838E-135
   227.00000000000000        1.0458536485280035E-136
   227.50000000000000        8.3371442280762971E-138
   228.00000000000000        6.5795175982557787E-139
   228.50000000000000        5.1404523630567385E-140
   229.00000000000000        3.9759359403041412E-141
   229.50000000000000        3.0444467007407536E-142
   230.00000000000000        2.3078550593560097E-143
   230.50000000000000        1.7319687125983544E-144
   231.00000000000000        1.2867764620984265E-145
   231.50000000000000        9.4645053663323250E-147
   232.00000000000000        6.8916732047005743E-148
   232.50000000000000        4.9680225580034400E-149
   233.00000000000000        3.5454777190696548E-150
   233.50000000000000        2.5049465598748976E-151
   234.00000000000000        1.7520837298148481E-152
   234.50000000000000        1.2132327263756859E-153
   235.00000000000000        8.3169946971500275E-155
   235.50000000000000        5.6444542576911587E-156
   236.00000000000000        3.7923716572691478E-157
   236.50000000000000        2.5225129298069803E-158
   237.00000000000000        1.6610765841611676E-159
   237.50000000000000        1.0828787399421527E-160
   238.00000000000000        6.9888236602014210E-162
   238.50000000000000        4.4654228272756241E-163
   239.00000000000000        2.8245905922822653E-164
   239.50000000000000        1.7688174156304106E-165
   240.00000000000000        1.0965924235343763E-166
   240.50000000000000        6.7304232085071091E-168
   241.00000000000000        4.0895409433685097E-169
   241.50000000000000        2.4600388064138174E-170
   242.00000000000000        1.4650239344597379E-171
   242.50000000000000        8.6373993320340362E-173
   243.00000000000000        5.0414671931318144E-174
   243.50000000000000        2.9131759046114532E-175
   244.00000000000000        1.6665273207486717E-176
   244.50000000000000        9.4383108674488405E-178
   245.00000000000000        5.2919090674331166E-179
   245.50000000000000        2.9374255452121920E-180
   246.00000000000000        1.6142020795935345E-181
   246.50000000000000        8.7818419874504927E-183
   247.00000000000000        4.7298803466058859E-184
   247.50000000000000        2.5220381252084773E-185
   248.00000000000000        1.3313438416875941E-186
   248.50000000000000        6.9577055536343442E-188
   249.00000000000000        3.5997997683539992E-189
   249.50000000000000        1.8424039194605190E-190
   250.00000000000000        6.4351999490685659E-192
   250.50000000000000        2.2238033242617188E-193
   251.00000000000000        7.6031254748217349E-195
   251.50000000000000        2.5718974935062090E-196
   252.00000000000000        8.6076593609471540E-198
   252.50000000000000        2.8502998875963893E-199
   253.00000000000000        9.3384371113820215E-201
   253.50000000000000        3.0271924874383555E-202
   254.00000000000000        9.7093924091902928E-204
   254.50000000000000        3.0813013717546845E-205
   255.00000000000000        9.6754301882409379E-207
   255.50000000000000        3.0061053494828829E-208
   256.00000000000000        9.2414408381760339E-210
   256.50000000000000        2.8111270770289677E-211
   257.00000000000000        8.4611664700582764E-213
   257.50000000000000        2.5199538845572440E-214
   258.00000000000000        7.4262764388158874E-216
   258.50000000000000        2.1655555032523990E-217
   259.00000000000000        6.2487146523786634E-219
   259.50000000000000        1.7841799851213593E-220
   260.00000000000000        5.0409990220710207E-222
   260.50000000000000        1.4093792758810862E-223
   261.00000000000000        3.8992022279339281E-225
   261.50000000000000        1.0674892202801656E-226
   262.00000000000000        2.8919734403129923E-228
   262.50000000000000        7.7530275490246901E-230
   263.00000000000000        2.0568266831424411E-231
   263.50000000000000        5.3997852495780751E-233
   264.00000000000000        1.4028483741102368E-234
   264.50000000000000        3.6066452420050198E-236
   265.00000000000000        9.1760869556493042E-238
   265.50000000000000        2.3103401679127803E-239
   266.00000000000000        5.7565399787062956E-241
   266.50000000000000        1.4194403409496079E-242
   267.00000000000000        3.4637423626383756E-244
   267.50000000000000        8.3646850888316835E-246
   268.00000000000000        1.9990879775306023E-247
   268.50000000000000        4.7281930556864736E-249
   269.00000000000000        1.1067311232209348E-250
   269.50000000000000        2.5637477135421225E-252
   270.00000000000000        5.8775626243916234E-254
   270.50000000000000        1.3335539846348359E-255
   271.00000000000000        2.9944550693704909E-257
   271.50000000000000        6.6545905087693018E-259
   272.00000000000000        1.4636041945463767E-260
   272.50000000000000        3.1858632768417258E-262
   273.00000000000000        6.8633188252278661E-264
   273.50000000000000        1.4633462718285348E-265
   274.00000000000000        3.0879356162431217E-267
   274.50000000000000        6.4491108828178651E-269
   275.00000000000000        1.3330430437185107E-270
   275.50000000000000        2.7271149110926944E-272
   276.00000000000000        5.5217892068376923E-274
   276.50000000000000        1.1065613164932714E-275
   277.00000000000000        2.1947878337233573E-277
   277.50000000000000        4.3085694700222995E-279
   278.00000000000000        8.3714216669358173E-281
   278.50000000000000        1.6098778935768875E-282
   279.00000000000000        3.0641940664320767E-284
   279.50000000000000        5.7725963715196419E-286
   280.00000000000000        1.0763652460631177E-287
   280.50000000000000        1.9864773606382094E-289
   281.00000000000000        3.6286489392456290E-291
   281.50000000000000        6.5606299698584778E-293
   282.00000000000000        1.1740517485088859E-294
   282.50000000000000        2.0795619675491648E-296
   283.00000000000000        3.6458703459830385E-298
   283.50000000000000        6.3266971863256395E-300
   284.00000000000000        1.0866776783797119E-301
   284.50000000000000        1.8474397495775823E-303
   285.00000000000000        3.1085254742860489E-305
   285.50000000000000        5.1739162380544479E-307
   286.00000000000000        8.4922298371085355E-309
   286.50000000000000        1.3557591631282919E-310
   287.00000000000000        2.0089859746898039E-312
   287.50000000000000        2.4368161087176265E-314
   288.00000000000000        1.7477973897004165E-316
   288.50000000000000        0.0000000000000000     
   289.00000000000000        0.0000000000000000     
   289.50000000000000        0.0000000000000000     
   290.00000000000000        0.0000000000000000     
   290.50000000000000        0.0000000000000000     
   291.00000000000000        0.0000000000000000     
   291.50000000000000        0.0000000000000000     
   292.00000000000000        0.0000000000000000     
   292.50000000000000        0.0000000000000000     
   293.00000000000000        0.0000000000000000     
   293.50000000000000        0.0000000000000000     
   294.00000000000000        0.0000000000000000     
   294.50000000000000        0.0000000000000000     
   295.00000000000000        0.0000000000000000     
   295.50000000000000        0.0000000000000000     
   296.00000000000000        0.0000000000000000     
   296.50000000000000        0.0000000000000000     
   297.00000000000000        0.0000000000000000     
   297.50000000000000        0.0000000000000000     
   298.00000000000000        0.0000000000000000     
   298.50000000000000        0.0000000000000000     
   299.00000000000000        0.0000000000000000     
   299.50000000000000        0.0000000000000000     
   300.00000000000000        0.0000000000000000     
   300.50000000000000        0.0000000000000000     
   301.00000000000000        0.0000000000000000     
   301.50000000000000        0.0000000000000000     
   302.00000000000000        0.0000000000000000     
   302.50000000000000        0.0000000000000000     
   303.00000000000000        0.0000000000000000     
   303.50000000000000        0.0000000000000000     
   304.00000000000000        0.0000000000000000     
   304.50000000000000        0.0000000000000000     
   305.00000000000000        0.0000000000000000     
   305.50000000000000        0.0000000000000000     
   306.00000000000000        0.0000000000000000     
   306.50000000000000        0.0000000000000000     
   307.00000000000000        0.0000000000000000     
   307.50000000000000        0.0000000000000000     
   308.00000000000000        0.0000000000000000     
   308.50000000000000        0.0000000000000000     
   309.00000000000000        0.0000000000000000     
   309.50000000000000        0.0000000000000000     
   310.00000000000000        0.0000000000000000     
   310.50000000000000        0.0000000000000000     
   311.00000000000000        0.0000000000000000     
   311.50000000000000        0.0000000000000000     
   312.00000000000000        0.0000000000000000     
   312.50000000000000        0.0000000000000000     
   313.00000000000000        0.0000000000000000     
   313.50000000000000        0.0000000000000000     
   314.00000000000000        0.0000000000000000     
   314.50000000000000        0.0000000000000000     
   315.00000000000000        0.0000000000000000     
   315.50000000000000        0.0000000000000000     
   316.00000000000000        0.0000000000000000     
   316.50000000000000        0.0000000000000000     
   317.00000000000000        0.0000000000000000     
   317.50000000000000        0.0000000000000000     
   318.00000000000000        0.0000000000000000     
   318.50000000000000        0.0000000000000000     
   319.00000000000000        0.0000000000000000     
   319.50000000000000        0.0000000000000000     
   320.00000000000000        0.0000000000000000     
   320.50000000000000        0.0000000000000000     
   321.00000000000000        0.0000000000000000     
   321.50000000000000        0.0000000000000000     
   322.00000000000000        0.0000000000000000     
   322.50000000000000        0.0000000000000000     
   323.00000000000000        0.0000000000000000     
   323.50000000000000        0.0000000000000000     
   324.00000000000000        0.0000000000000000     
   324.50000000000000        0.0000000000000000     
   325.00000000000000        0.0000000000000000     
   325.50000000000000        0.0000000000000000     
   326.00000000000000        0.0000000000000000     
   326.50000000000000        0.0000000000000000     
   327.00000000000000        0.0000000000000000     
   327.50000000000000        0.0000000000000000     
   328.00000000000000        0.0000000000000000     
   328.50000000000000        0.0000000000000000     
   329.00000000000000        0.0000000000000000     
   329.50000000000000        0.0000000000000000     
   330.00000000000000        0.0000000000000000     
   330.50000000000000        0.0000000000000000     
   331.00000000000000        0.0000000000000000     
   331.50000000000000        0.0000000000000000     
   332.00000000000000        0.0000000000000000     
   332.50000000000000        0.0000000000000000     
   333.00000000000000        0.0000000000000000     
   333.50000000000000        0.0000000000000000     
   334.00000000000000        0.0000000000000000     
   334.50000000000000        0.0000000000000000     
   335.00000000000000        0.0000000000000000     
   335.50000000000000        0.0000000000000000     
   336.00000000000000        0.0000000000000000     
   336.50000000000000        0.0000000000000000     
   337.00000000000000        0.0000000000000000     
   337.50000000000000        0.0000000000000000     
   338.00000000000000        0.0000000000000000     
   338.50000000000000        0.0000000000000000     
   339.00000000000000        0.0000000000000000     
   339.50000000000000        0.0000000000000000     
   340.00000000000000        0.0000000000000000     
   340.50000000000000        0.0000000000000000     
   341.00000000000000        0.0000000000000000     
   341.50000000000000        0.0000000000000000     
   342.00000000000000        0.0000000000000000     
   342.50000000000000        0.0000000000000000     
   343.00000000000000        0.0000000000000000     
   343.50000000000000        0.0000000000000000     
   344.00000000000000        0.0000000000000000     
   344.50000000000000        0.0000000000000000     
   345.00000000000000        0.0000000000000000     
   345.50000000000000        0.0000000000000000     
   346.00000000000000        0.0000000000000000     
   346.50000000000000        0.0000000000000000     
   347.00000000000000        0.0000000000000000     
   347.50000000000000        0.0000000000000000     
   348.00000000000000        0.0000000000000000     
   348.50000000000000        0.0000000000000000     
   349.00000000000000        0.0000000000000000     
   349.50000000000000        0.0000000000000000     
   350.00000000000000        0.0000000000000000     
   350.50000000000000        0.0000000000000000     
   351.00000000000000        0.0000000000000000     
   351.50000000000000        0.0000000000000000     
   352.00000000000000        0.0000000000000000     
   352.50000000000000        0.0000000000000000     
   353.00000000000000        0.0000000000000000     
   353.50000000000000        0.0000000000000000     
   354.00000000000000        0.0000000000000000     
   354.50000000000000        0.0000000000000000     
   355.00000000000000        0.0000000000000000     
   355.50000000000000        0.0000000000000000     
   356.00000000000000        0.0000000000000000     
   356.50000000000000        0.0000000000000000     
   357.00000000000000        0.0000000000000000     
   357.50000000000000        0.0000000000000000     
   358.00000000000000        0.0000000000000000     
   358.50000000000000        0.0000000000000000     
   359.00000000000000        0.0000000000000000     
   359.50000000000000        0.0000000000000000     
   360.00000000000000        0.0000000000000000     
   360.50000000000000        0.0000000000000000     
   361.00000000000000        0.0000000000000000     
   361.50000000000000        0.0000000000000000     
   362.00000000000000        0.0000000000000000     
   362.50000000000000        0.0000000000000000     
   363.00000000000000        0.0000000000000000     
   363.50000000000000        0.0000000000000000     
   364.00000000000000        0.0000000000000000     
   364.50000000000000        0.0000000000000000     
   365.00000000000000        0.0000000000000000     
   365.50000000000000        0.0000000000000000     
   366.00000000000000        0.0000000000000000     
   366.50000000000000        0.0000000000000000     
   367.00000000000000        0.0000000000000000     
   367.50000000000000        0.0000000000000000     
   368.00000000000000        0.0000000000000000     
   368.50000000000000        0.0000000000000000     
   369.00000000000000        0.0000000000000000     
   369.50000000000000        0.0000000000000000     
   370.00000000000000        0.0000000000000000     
   370.50000000000000        0.0000000000000000     
   371.00000000000000        0.0000000000000000     
   371.50000000000000        0.0000000000000000     
   372.00000000000000        0.0000000000000000     
   372.50000000000000        0.0000000000000000     
   373.00000000000000        0.0000000000000000     
   373.50000000000000        0.0000000000000000     
   374.00000000000000        0.0000000000000000     
   374.50000000000000        0.0000000000000000     
   375.00000000000000        0.0000000000000000     
   375.50000000000000        0.0000000000000000     
   376.00000000000000        0.0000000000000000     
   376.50000000000000        0.0000000000000000     
   377.00000000000000        0.0000000000000000     
   377.50000000000000        0.0000000000000000     
   378.00000000000000        0.0000000000000000     
   378.50000000000000        0.0000000000000000     
   379.00000000000000        0.0000000000000000     
   379.50000000000000        0.0000000000000000     
   380.00000000000000        0.0000000000000000     
   380.50000000000000        0.0000000000000000     
   381.00000000000000        0.0000000000000000     
   381.50000000000000        0.0000000000000000     
   382.00000000000000        0.0000000000000000     
   382.50000000000000        0.0000000000000000     
   383.00000000000000        0.0000000000000000     
   383.50000000000000        0.0000000000000000     
   384.00000000000000        0.0000000000000000     
   384.50000000000000        0.0000000000000000     
   385.00000000000000        0.0000000000000000     
   385.50000000000000        0.0000000000000000     
   386.00000000000000        0.0000000000000000     
   386.50000000000000        0.0000000000000000     
   387.00000000000000        0.0000000000000000     
   387.50000000000000        0.0000000000000000     
   388.00000000000000        0.0000000000000000     
   388.50000000000000        0.0000000000000000     
   389.00000000000000        0.0000000000000000     
   389.50000000000000        0.0000000000000000     
   390.00000000000000        0.0000000000000000     
   390.50000000000000        0.0000000000000000     
   391.00000000000000        0.0000000000000000     
   391.50000000000000        0.0000000000000000     
   392.00000000000000        0.0000000000000000     
   392.50000000000000        0.0000000000000000     
   393.00000000000000        0.0000000000000000     
   393.50000000000000        0.0000000000000000     
   394.00000000000000        0.0000000000000000     
   394.50000000000000        0.0000000000000000     
   395.00000000000000        0.0000000000000000     
   395.50000000000000        0.0000000000000000     
   396.00000000000000        0.0000000000000000     
   396.50000000000000        0.0000000000000000     
   397.00000000000000        0.0000000000000000     
   397.50000000000000        0.0000000000000000     
   398.00000000000000        0.0000000000000000     
   398.50000000000000        0.0000000000000000     
   399.00000000000000        0.0000000000000000     
   399.50000000000000        0.0000000000000000     
   400.00000000000000        0.0000000000000000     
   400.50000000000000        0.0000000000000000     
   401.00000000000000        0.0000000000000000     
   401.50000000000000        0.0000000000000000     
   402.00000000000000        0.0000000000000000     
   402.50000000000000        0.0000000000000000     
   403.00000000000000        0.0000000000000000     
   403.50000000000000        0.0000000000000000     
   404.00000000000000        0.0000000000000000     
   404.50000000000000        0.0000000000000000     
   405.00000000000000        0.0000000000000000     
   405.50000000000000        0.0000000000000000     
   406.00000000000000        0.0000000000000000     
   406.50000000000000        0.0000000000000000     
   407.00000000000000        0.0000000000000000     
   407.50000000000000        0.0000000000000000     
   408.00000000000000        0.0000000000000000     
   408.50000000000000        0.0000000000000000     
   409.00000000000000        0.0000000000000000     
   409.50000000000000        0.0000000000000000     
   410.00000000000000        0.0000000000000000     
   410.50000000000000        0.0000000000000000     
   411.00000000000000        0.0000000000000000     
   411.50000000000000        0.0000000000000000     
   412.00000000000000        0.0000000000000000     
   412.50000000000000        0.0000000000000000     
   413.00000000000000        0.0000000000000000     
   413.50000000000000        0.0000000000000000     
   414.00000000000000        0.0000000000000000     
   414.50000000000000        0.0000000000000000     
   415.00000000000000        0.0000000000000000     
   415.50000000000000        0.0000000000000000     
   416.00000000000000        0.0000000000000000     
   416.50000000000000        0.0000000000000000     
   417.00000000000000        0.0000000000000000     
   417.50000000000000        0.0000000000000000     
   418.00000000000000        0.0000000000000000     
   418.50000000000000        0.0000000000000000     
   419.00000000000000        0.0000000000000000     
   419.50000000000000        0.0000000000000000     
   420.00000000000000        0.0000000000000000     
   420.50000000000000        0.0000000000000000     
   421.00000000000000        0.0000000000000000     
   421.50000000000000        0.0000000000000000     
   422.00000000000000        0.0000000000000000     
   422.50000000000000        0.0000000000000000     
   423.00000000000000        0.0000000000000000     
   423.50000000000000        0.0000000000000000     
   424.00000000000000        0.0000000000000000     
   424.50000000000000        0.0000000000000000     
   425.00000000000000        0.0000000000000000     
   425.50000000000000        0.0000000000000000     
   426.00000000000000        0.0000000000000000     
   426.50000000000000        0.0000000000000000     
   427.00000000000000        0.0000000000000000     
   427.50000000000000        0.0000000000000000     
   428.00000000000000        0.0000000000000000     
   428.50000000000000        0.0000000000000000     
   429.00000000000000        0.0000000000000000     
   429.50000000000000        0.0000000000000000     
   430.00000000000000        0.0000000000000000     
   430.50000000000000        0.0000000000000000     
   431.00000000000000        0.0000000000000000     
   431.50000000000000        0.0000000000000000     
   432.00000000000000        0.0000000000000000     
   432.50000000000000        0.0000000000000000     
   433.00000000000000        0.0000000000000000     
   433.50000000000000        0.0000000000000000     
   434.00000000000000        0.0000000000000000     
   434.50000000000000        0.0000000000000000     
   435.00000000000000        0.0000000000000000     
   435.50000000000000        0.0000000000000000     
   436.00000000000000        0.0000000000000000     
   436.50000000000000        0.0000000000000000     
   437.00000000000000        0.0000000000000000     
   437.50000000000000        0.0000000000000000     
   438.00000000000000        0.0000000000000000     
   438.50000000000000        0.0000000000000000     
   439.00000000000000        0.0000000000000000     
   439.50000000000000        0.0000000000000000     
   440.00000000000000        0.0000000000000000     
   440.50000000000000        0.0000000000000000     
   441.00000000000000        0.0000000000000000     
   441.50000000000000        0.0000000000000000     
   442.00000000000000        0.0000000000000000     
   442.50000000000000        0.0000000000000000     
   443.00000000000000        0.0000000000000000     
   443.50000000000000        0.0000000000000000     
   444.00000000000000        0.0000000000000000     
   444.50000000000000        0.0000000000000000     
   445.00000000000000        0.0000000000000000     
   445.50000000000000        0.0000000000000000     
   446.00000000000000        0.0000000000000000     
   446.50000000000000        0.0000000000000000     
   447.00000000000000        0.0000000000000000     
   447.50000000000000        0.0000000000000000     
   448.00000000000000        0.0000000000000000     
   448.50000000000000        0.0000000000000000     
   449.00000000000000        0.0000000000000000     
   449.50000000000000        0.0000000000000000     
   450.00000000000000        0.0000000000000000     
   450.50000000000000        0.0000000000000000     
   451.00000000000000        0.0000000000000000     
   451.50000000000000        0.0000000000000000     
   452.00000000000000        0.0000000000000000     
   452.50000000000000        0.0000000000000000     
   453.00000000000000        0.0000000000000000     
   453.50000000000000        0.0000000000000000     
   454.00000000000000        0.0000000000000000     
   454.50000000000000        0.0000000000000000     
   455.00000000000000        0.0000000000000000     
   455.50000000000000        0.0000000000000000     
   456.00000000000000        0.0000000000000000     
   456.50000000000000        0.0000000000000000     
   457.00000000000000        0.0000000000000000     
   457.50000000000000        0.0000000000000000     
   458.00000000000000        0.0000000000000000     
   458.50000000000000        0.0000000000000000     
   459.00000000000000        0.0000000000000000     
   459.50000000000000        0.0000000000000000     
   460.00000000000000        0.0000000000000000     
   460.50000000000000        0.0000000000000000     
   461.00000000000000        0.0000000000000000     
   461.50000000000000        0.0000000000000000     
   462.00000000000000        0.0000000000000000     
   462.50000000000000        0.0000000000000000     
   463.00000000000000        0.0000000000000000     
   463.50000000000000        0.0000000000000000     
   464.00000000000000        0.0000000000000000     
   464.50000000000000        0.0000000000000000     
   465.00000000000000        0.0000000000000000     
   465.50000000000000        0.0000000000000000     
   466.00000000000000        0.0000000000000000     
   466.50000000000000        0.0000000000000000     
   467.00000000000000        0.0000000000000000     
   467.50000000000000        0.0000000000000000     
   468.00000000000000        0.0000000000000000     
   468.50000000000000        0.0000000000000000     
   469.00000000000000        0.0000000000000000     
   469.50000000000000        0.0000000000000000     
   470.00000000000000        0.0000000000000000     
   470.50000000000000        0.0000000000000000     
   471.00000000000000        0.0000000000000000     
   471.50000000000000        0.0000000000000000     
   472.00000000000000        0.0000000000000000     
   472.50000000000000        0.0000000000000000     
   473.00000000000000        0.0000000000000000     
   473.50000000000000        0.0000000000000000     
   474.00000000000000        0.0000000000000000     
   474.50000000000000        0.0000000000000000     
   475.00000000000000        0.0000000000000000     
   475.50000000000000        0.0000000000000000     
   476.00000000000000        0.0000000000000000     
   476.50000000000000        0.0000000000000000     
   477.00000000000000        0.0000000000000000     
   477.50000000000000        0.0000000000000000     
   478.00000000000000        0.0000000000000000     
   478.50000000000000        0.0000000000000000     
   479.00000000000000        0.0000000000000000     
   479.50000000000000        0.0000000000000000     
   480.00000000000000        0.0000000000000000     
   480.50000000000000        0.0000000000000000     
   481.00000000000000        0.0000000000000000     
   481.50000000000000        0.0000000000000000     
   482.00000000000000        0.0000000000000000     
   482.50000000000000        0.0000000000000000     
   483.00000000000000        0.0000000000000000     
   483.50000000000000        0.0000000000000000     
   484.00000000000000        0.0000000000000000     
   484.50000000000000        0.0000000000000000     
   485.00000000000000        0.0000000000000000     
   485.50000000000000        0.0000000000000000     
   486.00000000000000        0.0000000000000000     
   486.50000000000000        0.0000000000000000     
   487.00000000000000        0.0000000000000000     
   487.50000000000000        0.0000000000000000     
   488.00000000000000        0.0000000000000000     
   488.50000000000000        0.0000000000000000     
   489.00000000000000        0.0000000000000000     
   489.50000000000000        0.0000000000000000     
   490.00000000000000        0.0000000000000000     
   490.50000000000000        0.0000000000000000     
   491.00000000000000        0.0000000000000000     
   491.50000000000000        0.0000000000000000     
   492.00000000000000        0.0000000000000000     
   492.50000000000000        0.0000000000000000     
   493.00000000000000        0.0000000000000000     
   493.50000000000000        0.0000000000000000     
   494.00000000000000        0.0000000000000000     
   494.50000000000000        0.0000000000000000     
   495.00000000000000        0.0000000000000000     
   495.50000000000000        0.0000000000000000     
   496.00000000000000        0.0000000000000000     
   496.50000000000000        0.0000000000000000     
   497.00000000000000        0.0000000000000000     
   497.50000000000000        0.0000000000000000     
   498.00000000000000        0.0000000000000000     
   498.50000000000000        0.0000000000000000     
   499.00000000000000        0.0000000000000000     
   499.50000000000000        0.0000000000000000     
   500.00000000000000        0.0000000000000000     
