   0.0000000000000000        0.0000000000000000     
  0.50000000000000000        0.0000000000000000     
   1.0000000000000000        0.0000000000000000     
   1.5000000000000000        0.0000000000000000     
   2.0000000000000000        0.0000000000000000     
   2.5000000000000000        0.0000000000000000     
   3.0000000000000000        0.0000000000000000     
   3.5000000000000000        0.0000000000000000     
   4.0000000000000000        0.0000000000000000     
   4.5000000000000000        0.0000000000000000     
   5.0000000000000000        0.0000000000000000     
   5.5000000000000000        0.0000000000000000     
   6.0000000000000000        0.0000000000000000     
   6.5000000000000000        0.0000000000000000     
   7.0000000000000000        0.0000000000000000     
   7.5000000000000000        0.0000000000000000     
   8.0000000000000000        0.0000000000000000     
   8.5000000000000000        0.0000000000000000     
   9.0000000000000000        0.0000000000000000     
   9.5000000000000000        0.0000000000000000     
   10.000000000000000        0.0000000000000000     
   10.500000000000000        0.0000000000000000     
   11.000000000000000        0.0000000000000000     
   11.500000000000000        0.0000000000000000     
   12.000000000000000        0.0000000000000000     
   12.500000000000000        0.0000000000000000     
   13.000000000000000        0.0000000000000000     
   13.500000000000000        0.0000000000000000     
   14.000000000000000        0.0000000000000000     
   14.500000000000000        0.0000000000000000     
   15.000000000000000        0.0000000000000000     
   15.500000000000000        0.0000000000000000     
   16.000000000000000        0.0000000000000000     
   16.500000000000000        0.0000000000000000     
   17.000000000000000        0.0000000000000000     
   17.500000000000000        0.0000000000000000     
   18.000000000000000        0.0000000000000000     
   18.500000000000000        0.0000000000000000     
   19.000000000000000        0.0000000000000000     
   19.500000000000000        0.0000000000000000     
   20.000000000000000        0.0000000000000000     
   20.500000000000000        0.0000000000000000     
   21.000000000000000        0.0000000000000000     
   21.500000000000000        0.0000000000000000     
   22.000000000000000        0.0000000000000000     
   22.500000000000000        0.0000000000000000     
   23.000000000000000        0.0000000000000000     
   23.500000000000000        0.0000000000000000     
   24.000000000000000        0.0000000000000000     
   24.500000000000000        0.0000000000000000     
   25.000000000000000        0.0000000000000000     
   25.500000000000000        0.0000000000000000     
   26.000000000000000        0.0000000000000000     
   26.500000000000000        0.0000000000000000     
   27.000000000000000        0.0000000000000000     
   27.500000000000000        0.0000000000000000     
   28.000000000000000        0.0000000000000000     
   28.500000000000000        0.0000000000000000     
   29.000000000000000        0.0000000000000000     
   29.500000000000000        0.0000000000000000     
   30.000000000000000        0.0000000000000000     
   30.500000000000000        0.0000000000000000     
   31.000000000000000        0.0000000000000000     
   31.500000000000000        0.0000000000000000     
   32.000000000000000        0.0000000000000000     
   32.500000000000000        0.0000000000000000     
   33.000000000000000        0.0000000000000000     
   33.500000000000000        0.0000000000000000     
   34.000000000000000        0.0000000000000000     
   34.500000000000000        0.0000000000000000     
   35.000000000000000        0.0000000000000000     
   35.500000000000000        0.0000000000000000     
   36.000000000000000        0.0000000000000000     
   36.500000000000000        0.0000000000000000     
   37.000000000000000        0.0000000000000000     
   37.500000000000000        0.0000000000000000     
   38.000000000000000        0.0000000000000000     
   38.500000000000000        0.0000000000000000     
   39.000000000000000        0.0000000000000000     
   39.500000000000000        0.0000000000000000     
   40.000000000000000        0.0000000000000000     
   40.500000000000000        0.0000000000000000     
   41.000000000000000        0.0000000000000000     
   41.500000000000000        0.0000000000000000     
   42.000000000000000        0.0000000000000000     
   42.500000000000000        0.0000000000000000     
   43.000000000000000        0.0000000000000000     
   43.500000000000000        0.0000000000000000     
   44.000000000000000        0.0000000000000000     
   44.500000000000000        0.0000000000000000     
   45.000000000000000        0.0000000000000000     
   45.500000000000000        0.0000000000000000     
   46.000000000000000        0.0000000000000000     
   46.500000000000000        0.0000000000000000     
   47.000000000000000        0.0000000000000000     
   47.500000000000000        0.0000000000000000     
   48.000000000000000        0.0000000000000000     
   48.500000000000000        0.0000000000000000     
   49.000000000000000        0.0000000000000000     
   49.500000000000000        0.0000000000000000     
   50.000000000000000        0.0000000000000000     
   50.500000000000000        0.0000000000000000     
   51.000000000000000        0.0000000000000000     
   51.500000000000000        0.0000000000000000     
   52.000000000000000        0.0000000000000000     
   52.500000000000000        0.0000000000000000     
   53.000000000000000       -1.3877787807814457E-017
   53.500000000000000        0.0000000000000000     
   54.000000000000000       -2.7755575615628914E-017
   54.500000000000000       -2.7755575615628914E-017
   55.000000000000000       -1.1102230246251565E-016
   55.500000000000000       -2.2204460492503131E-016
   56.000000000000000       -5.5511151231257827E-016
   56.500000000000000       -1.2212453270876722E-015
   57.000000000000000       -2.8033131371785203E-015
   57.500000000000000       -6.2172489379008766E-015
   58.000000000000000       -1.3780643293159756E-014
   58.500000000000000       -3.0059288391726113E-014
   59.000000000000000       -6.5017435879610730E-014
   59.500000000000000       -1.3895828931964616E-013
   60.000000000000000       -2.9400093470854927E-013
   60.500000000000000       -6.1525784467164613E-013
   61.000000000000000       -1.2740086763329828E-012
   61.500000000000000       -2.6097457528351242E-012
   62.000000000000000       -5.2889775892239754E-012
   62.500000000000000       -1.0603892763860756E-011
   63.000000000000000       -2.1031967833984311E-011
   63.500000000000000       -4.1266892680802414E-011
   64.000000000000000       -8.0098497279301739E-011
   64.500000000000000       -1.5379303386353627E-010
   65.000000000000000       -2.9209847041133941E-010
   65.500000000000000       -5.4877130617470016E-010
   66.000000000000000       -1.0197934718902957E-009
   66.500000000000000       -1.8744774205048387E-009
   67.000000000000000       -3.4078733029963004E-009
   67.500000000000000       -6.1278673385567473E-009
   68.000000000000000       -1.0897951346899859E-008
   68.500000000000000       -1.9167974762979156E-008
   69.000000000000000       -3.3341801042308106E-008
   69.500000000000000       -5.7354597599035273E-008
   70.000000000000000       -9.7565868314997140E-008
   70.500000000000000       -1.6411996556220387E-007
   71.000000000000000       -2.7298652818807945E-007
   71.500000000000000       -4.4897158102408241E-007
   72.000000000000000       -7.3008744691516192E-007
   72.500000000000000       -1.1737856496774057E-006
   73.000000000000000       -1.8656877034672892E-006
   73.500000000000000       -2.9315848864147620E-006
   74.000000000000000       -4.5536032867304899E-006
   74.500000000000000       -6.9915186143298946E-006
   75.000000000000000       -1.0610219358761497E-005
   75.500000000000000       -1.5914207785683310E-005
   76.000000000000000       -2.3589736199855493E-005
   76.500000000000000       -3.4554634311012578E-005
   77.000000000000000       -5.0015027084848729E-005
   77.500000000000000       -7.1526919691505819E-005
   78.000000000000000       -1.0105901725841748E-004
   78.500000000000000       -1.4105118596639821E-004
   79.000000000000000       -1.9446076043101723E-004
   79.500000000000000       -2.6478667240789622E-004
   80.000000000000000       -3.5605944427893887E-004
   80.500000000000000       -4.7278389654262232E-004
   81.000000000000000       -6.1982148558054062E-004
   81.500000000000000       -8.0220106408881997E-004
   82.000000000000000       -1.0248510147968098E-003
   82.500000000000000       -1.2922524147280234E-003
   83.000000000000000       -1.6080220526788896E-003
   83.500000000000000       -1.9744451660726331E-003
   84.000000000000000       -2.3919895359467008E-003
   84.500000000000000       -2.8588433939688573E-003
   85.000000000000000       -3.3705274069813079E-003
   85.500000000000000       -3.9196337428495653E-003
   86.000000000000000       -4.4957412477362180E-003
   86.500000000000000       -5.0855443518832144E-003
   87.000000000000000       -5.6732150214895971E-003
   87.500000000000000       -6.2409938406428056E-003
   88.000000000000000       -6.7699812702158996E-003
   88.500000000000000       -7.2410770451307310E-003
   89.000000000000000       -7.6359981496953722E-003
   89.500000000000000       -7.9382965472327288E-003
   90.000000000000000       -8.1342980482791150E-003
   90.500000000000000       -8.2138929184446818E-003
   91.000000000000000       -8.1711251229507342E-003
   91.500000000000000       -8.0045476072117955E-003
   92.000000000000000       -7.7173325708498469E-003
   92.500000000000000       -7.3171454951354020E-003
   93.000000000000000       -6.8158076897188169E-003
   93.500000000000000       -6.2287832448465613E-003
   94.000000000000000       -5.5745323286930659E-003
   94.500000000000000       -4.8737742803070111E-003
   95.000000000000000       -4.1487018763802230E-003
   95.500000000000000       -3.4221836253431198E-003
   96.000000000000000       -2.7169850589000288E-003
   96.500000000000000       -2.0550336720919909E-003
   97.000000000000000       -1.4567460985087377E-003
   97.500000000000000       -9.4043074790108039E-004
   98.000000000000000       -5.2177471828514232E-004
   98.500000000000000       -2.1342039633757970E-004
   99.000000000000000       -2.4634732426490058E-005
   99.500000000000000        3.8927402454050353E-005
   100.00000000000000       -2.4634732426490058E-005
   100.50000000000000        2.0220547171763414E-004
   101.00000000000000        5.7411301282644933E-004
   101.50000000000000        8.9519818571136278E-004
   102.00000000000000        1.4636072026991825E-003
   102.50000000000000        2.0773723308358388E-003
   103.00000000000000        2.6971980363314635E-003
   103.50000000000000        3.4202339369897444E-003
   104.00000000000000        4.1639652164378871E-003
   104.50000000000000        4.8653293701592520E-003
   105.00000000000000        5.5684708774587088E-003
   105.50000000000000        6.2391598759185957E-003
   106.00000000000000        6.8139630769246257E-003
   106.50000000000000        7.3100196802565048E-003
   107.00000000000000        7.7233572229597203E-003
   107.50000000000000        8.0065836119760370E-003
   108.00000000000000        8.1648170202166664E-003
   108.50000000000000        8.2161893507871758E-003
   109.00000000000000        8.1381927460733583E-003
   109.50000000000000        7.9338522739421657E-003
   110.00000000000000        7.6354694192666550E-003
   110.50000000000000        7.2452737567619829E-003
   111.00000000000000        6.7677657222893067E-003
   111.50000000000000        6.2387200583422300E-003
   112.00000000000000        5.6766260366106769E-003
   112.50000000000000        5.0853809308562120E-003
   113.00000000000000        4.4928036441889072E-003
   113.50000000000000        3.9216628430985001E-003
   114.00000000000000        3.3718670224413064E-003
   114.50000000000000        2.8561523996166217E-003
   115.00000000000000        2.3925056195560589E-003
   115.50000000000000        1.9765575080998299E-003
   116.00000000000000        1.6061926125538611E-003
   116.50000000000000        1.2915008190702709E-003
   117.00000000000000        1.0270110367255805E-003
   117.50000000000000        8.0149825902542382E-004
   118.00000000000000        6.1828695428912343E-004
   118.50000000000000        4.7442305684647617E-004
   119.00000000000000        3.5641884851617990E-004
   119.50000000000000        2.6303607551842910E-004
   120.00000000000000        1.9525965400384818E-004
   120.50000000000000        1.4216159940719101E-004
   121.00000000000000        9.9595932952088913E-005
   121.50000000000000        7.1439081744621995E-005
   122.00000000000000        5.1438900042259802E-005
   122.50000000000000        3.3713338659456158E-005
   123.00000000000000        2.2801422953491648E-005
   123.50000000000000        1.7215368900838293E-005
   124.00000000000000        1.0505827167081204E-005
   124.50000000000000        5.8352784843201320E-006
   125.00000000000000        5.4035061964140924E-006
   125.50000000000000        3.4692399205085058E-006
   126.00000000000000        7.1356673392386028E-007
   126.50000000000000        1.4154415640376358E-006
   127.00000000000000        1.6627434822376488E-006
   127.50000000000000       -3.8728080286545179E-007
   128.00000000000000       -6.6301029782407647E-008
   128.50000000000000        1.1786880118086980E-006
   129.00000000000000       -2.4164051570849272E-007
   129.50000000000000       -6.8578951945134220E-007
   130.00000000000000        8.4080947048681430E-007
   130.50000000000000        1.9980362834985844E-007
   131.00000000000000       -8.7639054419467527E-007
   131.50000000000000        4.1320227222428898E-007
   132.00000000000000        5.8426226382625361E-007
   132.50000000000000       -7.6632037209641614E-007
   133.00000000000000       -5.2082010893975274E-008
   133.50000000000000        7.6985632406094539E-007
   134.00000000000000       -4.5185425121457031E-007
   134.50000000000000       -4.4078357061932364E-007
   135.00000000000000        7.2169722659916253E-007
   135.50000000000000       -4.9364241391355167E-008
   136.00000000000000       -6.5984771814708304E-007
   136.50000000000000        4.7934577436334244E-007
   137.00000000000000        3.1986777995310043E-007
   137.50000000000000       -6.7001280773810252E-007
   138.00000000000000        1.3134578642701237E-007
   138.50000000000000        5.5839409333493513E-007
   139.00000000000000       -4.9227059049348094E-007
   139.50000000000000       -2.1499044402851948E-007
   140.00000000000000        6.1509186575290045E-007
   140.50000000000000       -1.9607806240110047E-007
   141.00000000000000       -4.6444024535657391E-007
   141.50000000000000        4.9372344101573845E-007
   142.00000000000000        1.2429706881531246E-007
   142.50000000000000       -5.5816299416166791E-007
   143.00000000000000        2.4621641665152865E-007
   143.50000000000000        3.7766946084132841E-007
   144.00000000000000       -4.8587003631384510E-007
   144.50000000000000       -4.6188015114747346E-008
   145.00000000000000        5.0027954951801172E-007
   145.50000000000000       -2.8384129054547217E-007
   146.00000000000000       -2.9781442650936480E-007
   146.50000000000000        4.7046878397715768E-007
   147.00000000000000       -2.0624967494085403E-008
   147.50000000000000       -4.4230110194212172E-007
   148.00000000000000        3.1065653628362966E-007
   148.50000000000000        2.2465846091480789E-007
   149.00000000000000       -4.4897394034036921E-007
   149.50000000000000        7.7211492609985999E-008
   150.00000000000000        3.8494486536256978E-007
   150.50000000000000       -3.2809074364401801E-007
   151.00000000000000       -1.5801672093352996E-007
   151.50000000000000        4.2261392434228881E-007
   152.00000000000000       -1.2448345354370586E-007
   152.50000000000000       -3.2881738201258234E-007
   153.00000000000000        3.3736859379468201E-007
   153.50000000000000        9.7722095587862300E-008
   154.00000000000000       -3.9244486618210727E-007
   154.50000000000000        1.6323852695273930E-007
   155.00000000000000        2.7443561466064153E-007
   155.50000000000000       -3.3956096152057808E-007
   156.00000000000000       -4.3614292175796298E-008
   156.50000000000000        3.5938782182274192E-007
   157.00000000000000       -1.9419139918577022E-007
   157.50000000000000       -2.2224113631230372E-007
   158.00000000000000        3.3562040769724870E-007
   158.50000000000000       -4.4684987934067295E-009
   159.00000000000000       -3.2425486985262918E-007
   159.50000000000000        2.1799625027459707E-007
   160.00000000000000        1.7260980658912790E-007
   160.50000000000000       -3.2640643966896759E-007
   161.00000000000000        4.6695851627465893E-008
   161.50000000000000        2.8776753476774404E-007
   162.00000000000000       -2.3526290617573666E-007
   162.50000000000000       -1.2585848680098247E-007
   163.00000000000000        3.1270350045382853E-007
   163.50000000000000       -8.3249649343539495E-008
   164.00000000000000       -2.5056985644033665E-007
   164.50000000000000        2.4656833539294071E-007
   165.00000000000000        8.2249820628500545E-008
   165.50000000000000       -2.9523372804756138E-007
   166.00000000000000        1.1432722536031912E-007
   166.50000000000000        2.1323769994808317E-007
   167.00000000000000       -2.5246467730738947E-007
   167.50000000000000       -4.1995769809864966E-008
   168.00000000000000        2.7466592142461686E-007
   168.50000000000000       -1.4014333931875928E-007
   169.00000000000000       -1.7628541759334764E-007
   169.50000000000000        2.5348466108962491E-007
   170.00000000000000        5.2603754310151546E-009
   170.50000000000000       -2.5162173990729376E-007
   171.00000000000000        1.6093117745804983E-007
   171.50000000000000        1.4017065277570099E-007
   172.00000000000000       -2.5014504651605760E-007
   172.50000000000000        2.7837931803106843E-008
   173.00000000000000        2.2667988199907968E-007
   173.50000000000000       -1.7694253372191739E-007
   174.00000000000000       -1.0529785412618194E-007
   174.50000000000000        2.4294855964515075E-007
   175.00000000000000       -5.7224250047923282E-008
   175.50000000000000       -2.0037879641887550E-007
   176.00000000000000        1.8844730011653159E-007
   176.50000000000000        7.2020912800939458E-008
   177.00000000000000       -2.3238468491285875E-007
   177.50000000000000        8.2865199762160698E-008
   178.00000000000000        1.7321833821128151E-007
   178.50000000000000       -1.9573237697058597E-007
   179.00000000000000       -4.0645226986955164E-008
   179.50000000000000        2.1892959399115764E-007
   180.00000000000000       -1.0476688848290641E-007
   180.50000000000000       -1.4566068416631676E-007
   181.00000000000000        1.9910009868317804E-007
   181.50000000000000        1.1429418152954412E-008
   182.00000000000000       -2.0304543315273360E-007
   182.50000000000000        1.2297277837254692E-007
   183.00000000000000        1.1813074812539211E-007
   183.50000000000000       -1.9886626022172249E-007
   184.00000000000000        1.5413134201891014E-008
   184.50000000000000        1.8517914616499312E-007
   185.00000000000000       -1.3756141618463359E-007
   185.50000000000000       -9.1016284938198478E-008
   186.00000000000000        1.9535781891695570E-007
   186.50000000000000       -3.9712818682946540E-008
   187.00000000000000       -1.6576098054569622E-007
   187.50000000000000        1.4864399957224631E-007
   188.00000000000000        6.4667824737485254E-008
   188.50000000000000       -1.8891034553109820E-007
   189.00000000000000        6.1342284742784174E-008
   189.50000000000000        1.4520279114227018E-007
   190.00000000000000       -1.5636177830694848E-007
   190.50000000000000       -3.9398557839516855E-008
   191.00000000000000        1.7986528219684841E-007
   191.50000000000000       -8.0214845462026788E-008
   192.00000000000000       -1.2389624811981833E-007
   192.50000000000000        1.6088328636461272E-007
   193.00000000000000        1.5484250676970336E-008
   193.50000000000000       -1.6856707635268415E-007
   194.00000000000000        9.6282736989480991E-008
   194.50000000000000        1.0221102309401391E-007
   195.00000000000000       -1.6240142709793658E-007
   195.50000000000000        6.8367282222366047E-009
   196.00000000000000        1.5536023574328069E-007
   196.50000000000000       -1.0953521777643278E-007
   197.00000000000000       -8.0493034048750977E-008
   197.50000000000000        1.6113041972798517E-007
   198.00000000000000       -2.7363231533097264E-008
   198.50000000000000       -1.4058636853082533E-007
   199.00000000000000        1.1999648104287420E-007
   199.50000000000000        5.9062795551848743E-008
   200.00000000000000       -1.5730264427921758E-007
   200.50000000000000        4.5930954118107000E-008
   201.00000000000000        1.2458124456710328E-007
   201.50000000000000       -1.2772338860177341E-007
   202.00000000000000       -3.8213935853538633E-008
   202.50000000000000        1.5116539978650303E-007
   203.00000000000000       -6.2411838079372014E-008
   203.50000000000000       -1.0767193609925289E-007
   204.00000000000000        1.3280301727887928E-007
   204.50000000000000        1.8211907338828771E-008
   205.00000000000000       -1.4297762085602589E-007
   205.50000000000000        7.6713230489747205E-008
   206.00000000000000        9.0174065530411775E-008
   206.50000000000000       -1.3535004322684562E-007
   207.00000000000000        7.0706325926654121E-010
   207.50000000000000        1.3300657093198294E-007
   208.00000000000000       -8.8776799505667433E-008
   208.50000000000000       -7.2389212486380879E-008
   209.00000000000000        1.3550396667988349E-007
   209.50000000000000       -1.8336774807571725E-008
   210.00000000000000       -1.2152456118892850E-007
   210.50000000000000        9.8577192494216254E-008
   211.00000000000000        5.4602499340133146E-008
   211.50000000000000       -1.3342621401251595E-007
   212.00000000000000        3.4501567975790198E-008
   212.50000000000000        1.0880571344188484E-007
   213.00000000000000       -1.0612045654035214E-007
   213.50000000000000       -3.7080400144661899E-008
   214.00000000000000        1.2929712759796345E-007
   214.50000000000000       -4.9056560828841220E-008
   215.00000000000000       -9.5122816200439129E-008
   215.50000000000000        1.1144221686240523E-007
   216.00000000000000        2.0068784183271801E-008
   216.50000000000000       -1.2331288643450990E-007
   217.00000000000000        6.1887582461925881E-008
   217.50000000000000        8.0744291535314455E-008
   218.00000000000000       -1.1460564351695797E-007
   218.50000000000000       -3.7912304652541738E-009
   219.00000000000000        1.1568237356489279E-007
   219.50000000000000       -7.2910817693113000E-008
   220.00000000000000       -6.5931318041688115E-008
   220.50000000000000        1.1569921171037061E-007
   221.00000000000000       -1.1552383853904498E-008
   221.50000000000000       -1.0662403621265089E-007
   222.00000000000000        8.2072152560340714E-008
   222.50000000000000        5.0935124499186776E-008
   223.00000000000000       -1.1483429404558297E-007
   223.50000000000000        2.5786992852566027E-008
   224.00000000000000        9.6362756210313585E-008
   224.50000000000000       -8.9346243822792842E-008
   225.00000000000000       -3.5994496179091469E-008
   225.50000000000000        1.1214259517733749E-007
   226.00000000000000       -3.8763155719353432E-008
   226.50000000000000       -8.5126778327891279E-008
   227.00000000000000        9.4735309549709457E-008
   227.50000000000000        2.1333501263652479E-008
   228.00000000000000       -1.0777347403045411E-007
   228.50000000000000        5.0357554451437370E-008
   229.00000000000000        7.3144712498689402E-008
   229.50000000000000       -9.8267673581410306E-008
   230.00000000000000       -7.1594748085497750E-009
   230.50000000000000        1.0189116730435645E-007
   231.00000000000000       -6.0473191323954057E-008
   231.50000000000000       -6.0642656958020672E-008
   232.00000000000000        9.9996067438818173E-008
   232.50000000000000       -6.3387390811534740E-009
   233.00000000000000       -9.4671962878550841E-008
   233.50000000000000        6.9039272580589808E-008
   234.00000000000000        4.7841454281641893E-008
   234.50000000000000       -9.9995729865489399E-008
   235.00000000000000        1.8992255676828698E-008
   235.50000000000000        8.6301337337067713E-008
   236.00000000000000       -7.6010804788640145E-008
   236.50000000000000       -3.4954126608370142E-008
   237.00000000000000        9.8362310764505075E-008
   237.50000000000000       -3.0653337820855409E-008
   238.00000000000000       -7.6971110516257393E-008
   238.50000000000000        8.1367893729444948E-008
   239.00000000000000        2.2183493024775293E-008
   239.50000000000000       -9.5209629648405807E-008
   240.00000000000000        4.1196274544310520E-008
   240.50000000000000        6.6876625335337948E-008
   241.00000000000000       -8.5114785527022463E-008
   241.50000000000000       -9.7200171444369275E-009
   242.00000000000000        9.0667291743101870E-008
   242.50000000000000       -5.0517974279628672E-008
   243.00000000000000       -5.6214011576317587E-008
   243.50000000000000        8.7278639682803275E-008
   244.00000000000000       -2.2601254142438639E-009
   244.50000000000000       -8.4878222777295625E-008
   245.00000000000000        5.8538243729496061E-008
   245.50000000000000        4.5177533590262456E-008
   246.00000000000000       -8.7908086138231836E-008
   246.50000000000000        1.3596710972176408E-008
   247.00000000000000        7.7996121168329886E-008
   247.50000000000000       -6.5199789450331304E-008
   248.00000000000000       -3.3957082384952848E-008
   248.50000000000000        8.7071556912027246E-008
   249.00000000000000       -2.4146884598259553E-008
   249.50000000000000       -7.0182894156969697E-008
   250.00000000000000        7.0467916304601259E-008
   250.50000000000000       -7.1455656674130425E-008
   251.00000000000000        7.4527192063322381E-008
   251.50000000000000       -8.1040822785248426E-008
   252.00000000000000        9.2330646840274995E-008
   252.50000000000000       -1.0970251113969768E-007
   253.00000000000000        1.3442630512175057E-007
   253.50000000000000       -1.6772368443442665E-007
   254.00000000000000        2.1075028780095360E-007
   254.50000000000000       -2.6457167223765259E-007
   255.00000000000000        3.3013223370918342E-007
   255.50000000000000       -4.0821662601959783E-007
   256.00000000000000        4.9940335164709423E-007
   256.50000000000000       -6.0401058401263574E-007
   257.00000000000000        7.2203461525233792E-007
   257.50000000000000       -8.5308190518695599E-007
   258.00000000000000        9.9629626122100464E-007
   258.50000000000000       -1.1502834877276934E-006
   259.00000000000000        1.3130366270202313E-006
   259.50000000000000       -1.4818659292279494E-006
   260.00000000000000        1.6533386348755749E-006
   260.50000000000000       -1.8232347594841310E-006
   261.00000000000000        1.9865259927001047E-006
   261.50000000000000       -2.1373857584430455E-006
   262.00000000000000        2.2692390361169993E-006
   262.50000000000000       -2.3748608653636081E-006
   263.00000000000000        2.4465321142147970E-006
   263.50000000000000       -2.4762601971265427E-006
   264.00000000000000        2.4560705297412667E-006
   264.50000000000000       -2.3783717217803344E-006
   265.00000000000000        2.2363934162898103E-006
   265.50000000000000       -2.0246904813992811E-006
   266.00000000000000        1.7397006596943047E-006
   266.50000000000000       -1.3803351703109336E-006
   267.00000000000000        9.4857310524853923E-007
   267.50000000000000       -4.5002148350624818E-007
   268.00000000000000       -1.0560613784246825E-007
   268.50000000000000        7.0414739335445675E-007
   269.00000000000000       -1.3268459443055440E-006
   269.50000000000000        1.9504665633154873E-006
   270.00000000000000       -2.5477314295764950E-006
   270.50000000000000        3.0881301629584793E-006
   271.00000000000000       -3.5391404658454853E-006
   271.50000000000000        3.8678721282817202E-006
   272.00000000000000       -4.0431144794123272E-006
   272.50000000000000        4.0377262740460944E-006
   273.00000000000000       -3.8312592610535659E-006
   273.50000000000000        3.4126547978410882E-006
   274.00000000000000       -2.7828013655742659E-006
   274.50000000000000        1.9566951316016988E-006
   275.00000000000000       -9.6491308260888316E-007
   275.50000000000000       -1.4590365680094779E-007
   276.00000000000000        1.3138415123517658E-006
   276.50000000000000       -2.4640130039372291E-006
   277.00000000000000        3.5124989457884519E-006
   277.50000000000000       -4.3719328865309733E-006
   278.00000000000000        4.9585479980716707E-006
   278.50000000000000       -5.2002981164477649E-006
   279.00000000000000        5.0454428062722132E-006
   279.50000000000000       -4.4707761203777574E-006
   280.00000000000000        3.4885111637440486E-006
   280.50000000000000       -2.1507435857106450E-006
   281.00000000000000        5.5044254063596674E-007
   281.50000000000000        1.1819110421689861E-006
   282.00000000000000       -2.8865824974564808E-006
   282.50000000000000        4.3877784070676947E-006
   283.00000000000000       -5.5111744635343144E-006
   283.50000000000000        6.1044400743187138E-006
   284.00000000000000       -6.0586903485555073E-006
   284.50000000000000        5.3281749782063996E-006
   285.00000000000000       -3.9451354446149247E-006
   285.50000000000000        2.0267575022539574E-006
   286.00000000000000        2.2837724204243814E-007
   286.50000000000000       -2.5559219933329936E-006
   287.00000000000000        4.6535271351866262E-006
   287.50000000000000       -6.2188561226863886E-006
   288.00000000000000        6.9938838054154498E-006
   288.50000000000000       -6.8095794068324903E-006
   289.00000000000000        5.6237148529314721E-006
   289.50000000000000       -3.5441514583637775E-006
   290.00000000000000        8.3088111506432628E-007
   290.50000000000000        2.1274948805494254E-006
   291.00000000000000       -4.8633561093948459E-006
   291.50000000000000        6.9014122799627248E-006
   292.00000000000000       -7.8424028387075690E-006
   292.50000000000000        7.4453521873046678E-006
   293.00000000000000       -5.6920331296315343E-006
   293.50000000000000        2.8175996874722947E-006
   294.00000000000000        7.0481552753217461E-007
   294.50000000000000       -4.2303543975266883E-006
   295.00000000000000        7.0542092609256955E-006
   295.50000000000000       -8.5523882512078444E-006
   296.00000000000000        8.3250819304078493E-006
   296.50000000000000       -6.3104768952617117E-006
   297.00000000000000        2.8376225992285380E-006
   297.50000000000000        1.4043510562110223E-006
   298.00000000000000       -5.4870610205409949E-006
   298.50000000000000        8.4386649177473565E-006
   299.00000000000000       -9.4774159515596076E-006
   299.50000000000000        8.2288795916289400E-006
   300.00000000000000       -4.8669944146735737E-006
   300.50000000000000        1.2887215508114361E-007
   301.00000000000000        4.8208148100726193E-006
   301.50000000000000       -8.6616753534208943E-006
   302.00000000000000        1.0269404283974785E-005
   302.50000000000000       -9.0574535785038593E-006
   303.00000000000000        5.2053256043485685E-006
   303.50000000000000        3.1333904110559387E-007
   304.00000000000000       -5.9423337918453153E-006
   304.50000000000000        9.9638736792773105E-006
   305.00000000000000       -1.1025112665740929E-005
   305.50000000000000        8.6130202987416647E-006
   306.00000000000000       -3.3105936672057237E-006
   306.50000000000000       -3.2859548861709101E-006
   307.00000000000000        9.0106534804532353E-006
   307.50000000000000       -1.1827627823434537E-005
   308.00000000000000        1.0571418091676981E-005
   308.50000000000000       -5.4599980604992891E-006
   309.00000000000000       -1.8461212256104482E-006
   309.50000000000000        8.7275501767946048E-006
   310.00000000000000       -1.2521786709450044E-005
   310.50000000000000        1.1567996887367607E-005
   311.00000000000000       -5.9743352568905413E-006
   311.50000000000000       -2.2501440477481415E-006
   312.00000000000000        9.8455646102590180E-006
   312.50000000000000       -1.3564840462161383E-005
   313.00000000000000        1.1583649682797553E-005
   313.50000000000000       -4.4473172835377548E-006
   314.00000000000000       -4.9419056931333190E-006
   314.50000000000000        1.2426315848223985E-005
   315.00000000000000       -1.4415310858240621E-005
   315.50000000000000        9.6527235105164164E-006
   316.00000000000000       -5.4788159699192440E-008
   316.50000000000000       -9.9291260735353235E-006
   317.00000000000000        1.5313224727490852E-005
   317.50000000000000       -1.3083617016444231E-005
   318.00000000000000        3.9662107818011672E-006
   318.50000000000000        7.5975345456139294E-006
   319.00000000000000       -1.5500873696994524E-005
   319.50000000000000        1.5185431612080826E-005
   320.00000000000000       -6.3563709283666478E-006
   320.50000000000000       -6.4364636711824655E-006
   321.00000000000000        1.5985512989466136E-005
   321.50000000000000       -1.6451506038500859E-005
   322.00000000000000        7.0285112890262558E-006
   322.50000000000000        7.0732109858225993E-006
   323.00000000000000       -1.7313182901307667E-005
   323.50000000000000        1.6951366183925773E-005
   324.00000000000000       -5.6030978147044702E-006
   324.50000000000000       -9.8910205599044520E-006
   325.00000000000000        1.9372133470726174E-005
   325.50000000000000       -1.6005872100020275E-005
   326.00000000000000        1.3744723882157678E-006
   326.50000000000000        1.4828520126261738E-005
   327.00000000000000       -2.1016089409920020E-005
   327.50000000000000        1.2048790451040106E-005
   328.00000000000000        6.2863130489324818E-006
   328.50000000000000       -2.0616389162125912E-005
   329.00000000000000        1.9611366871393747E-005
   329.50000000000000       -3.1288273728247757E-006
   330.00000000000000       -1.6568559846821806E-005
   330.50000000000000        2.3612208357977773E-005
   331.00000000000000       -1.1372653800080058E-005
   331.50000000000000       -1.1008996237308205E-005
   332.00000000000000        2.4924217448439802E-005
   332.50000000000000       -1.7665242001415365E-005
   333.00000000000000       -5.6444487075931766E-006
   333.50000000000000        2.4905034131768368E-005
   334.00000000000000       -2.2095766800572516E-005
   334.50000000000000       -1.5713706417324322E-006
   335.00000000000000        2.4849697836040288E-005
   335.50000000000000       -2.5090385362299517E-005
   336.00000000000000        5.3625221723422891E-007
   336.50000000000000        2.5746595444245956E-005
   337.00000000000000       -2.6952931436606977E-005
   337.50000000000000        1.3224353894384103E-007
   338.00000000000000        2.8171474136035980E-005
   338.50000000000000       -2.7503241115693655E-005
   339.00000000000000       -3.4098325861138601E-006
   339.50000000000000        3.2114716157082317E-005
   340.00000000000000       -2.5787536682453160E-005
   340.50000000000000       -1.0739038484790926E-005
   341.00000000000000        3.6576687687657169E-005
   341.50000000000000       -1.9945260478845890E-005
   342.00000000000000       -2.1962538795247005E-005
   342.50000000000000        3.8924652267363855E-005
   343.00000000000000       -7.6034467908131927E-006
   343.50000000000000       -3.5321487031085054E-005
   344.00000000000000        3.4451320598464401E-005
   344.50000000000000        1.2455621166083776E-005
   345.00000000000000       -4.5278666476107961E-005
   345.50000000000000        1.7461552460990876E-005
   346.00000000000000        3.6672512850656416E-005
   346.50000000000000       -4.1689917501356445E-005
   347.00000000000000       -1.3967260193200507E-005
   347.50000000000000        5.2300187931088887E-005
   348.00000000000000       -1.4408358100040513E-005
   348.50000000000000       -4.9182865690057241E-005
   349.00000000000000        3.8169113549488429E-005
   349.50000000000000        3.1356044704057455E-005
   350.00000000000000       -6.1202009871448495E-005
   350.50000000000000       -2.0401840986496693E-005
   351.00000000000000        5.1723714341074085E-005
   351.50000000000000       -3.5560840035027587E-005
   352.00000000000000       -1.1353903700649720E-004
   352.50000000000000       -4.7956066073361158E-005
   353.00000000000000       -6.6303416589554064E-005
   353.50000000000000       -2.6703623686971466E-004
   354.00000000000000       -4.1933212790491031E-004
   354.50000000000000       -5.0633366639559352E-004
   355.00000000000000       -8.2507885703807476E-004
   355.50000000000000       -1.4275775854719465E-003
   356.00000000000000       -2.0938327402128766E-003
   356.50000000000000       -2.8978871514956399E-003
   357.00000000000000       -4.2044957246365304E-003
   357.50000000000000       -6.0990644780522076E-003
   358.00000000000000       -8.3724462320754200E-003
   358.50000000000000       -1.1078461025273021E-002
   359.00000000000000       -1.4587945688256982E-002
   359.50000000000000       -1.9020736145178612E-002
   360.00000000000000       -2.4067835020700968E-002
   360.50000000000000       -2.9495261284967170E-002
   361.00000000000000       -3.5437473152848509E-002
   361.50000000000000       -4.1980234246572455E-002
   362.00000000000000       -4.8722483184940074E-002
   362.50000000000000       -5.5020654318265104E-002
   363.00000000000000       -6.0547275946295366E-002
   363.50000000000000       -6.5355917261001664E-002
   364.00000000000000       -6.9402639996336474E-002
   364.50000000000000       -7.2228219173259667E-002
   365.00000000000000       -7.3242642823216506E-002
   365.50000000000000       -7.2252798521718148E-002
   366.00000000000000       -6.9604426190109134E-002
   366.50000000000000       -6.5804068346930089E-002
   367.00000000000000       -6.1059621070200715E-002
   367.50000000000000       -5.5205826903371689E-002
   368.00000000000000       -4.8047183740985579E-002
   368.50000000000000       -3.9768694149088520E-002
   369.00000000000000       -3.1062175986047061E-002
   369.50000000000000       -2.2895359317726679E-002
   370.00000000000000       -1.6114722371441761E-002
   370.50000000000000       -1.1134328264223258E-002
   371.00000000000000       -7.8479240949325246E-003
   371.50000000000000       -5.7461374570930554E-003
   372.00000000000000       -4.1315803444769358E-003
   372.50000000000000       -2.3233465738532197E-003
   373.00000000000000        2.0915332027335475E-004
   373.50000000000000        3.7913641210985142E-003
   374.00000000000000        8.5462056077622289E-003
   374.50000000000000        1.4426093617609079E-002
   375.00000000000000        2.1253301058031998E-002
   375.50000000000000        2.8757801392913639E-002
   376.00000000000000        3.6609480969497919E-002
   376.50000000000000        4.4445552363128339E-002
   377.00000000000000        5.1895051512176826E-002
   377.50000000000000        5.8601823179306088E-002
   378.00000000000000        6.4246400353480088E-002
   378.50000000000000        6.8566200324138890E-002
   379.00000000000000        7.1372728759980686E-002
   379.50000000000000        7.2564111294997097E-002
   380.00000000000000        7.2131320399687143E-002
   380.50000000000000        7.0156945268578352E-002
   381.00000000000000        6.6806195952157171E-002
   381.50000000000000        6.2310878917585015E-002
   382.00000000000000        5.6948101749324874E-002
   382.50000000000000        5.1016224781776545E-002
   383.00000000000000        4.4810903615577512E-002
   383.50000000000000        3.8603896217724844E-002
   384.00000000000000        3.2626702219934259E-002
   384.50000000000000        2.7060217110374301E-002
   385.00000000000000        2.2030621792558436E-002
   385.50000000000000        1.7610877763139594E-002
   386.00000000000000        1.3826593607018841E-002
   386.50000000000000        1.0664727594376876E-002
   387.00000000000000        8.0835797320966182E-003
   387.50000000000000        6.0227386900962333E-003
   388.00000000000000        4.4119939786764284E-003
   388.50000000000000        3.1786115559964685E-003
   389.00000000000000        2.2527298595449038E-003
   389.50000000000000        1.5709177203914149E-003
   390.00000000000000        1.0781269372009013E-003
   390.50000000000000        7.2837291136349999E-004
   391.00000000000000        4.8450271568276109E-004
   391.50000000000000        3.1738337256667469E-004
   392.00000000000000        2.0478616599329920E-004
   392.50000000000000        1.3017411652031474E-004
   393.00000000000000        8.1532662974757644E-005
   393.50000000000000        5.0326119957564300E-005
   394.00000000000000        3.0618128911046040E-005
   394.50000000000000        1.8363380830952613E-005
   395.00000000000000        1.0858701954803407E-005
   395.50000000000000        6.3316106228154762E-006
   396.00000000000000        3.6409831259151145E-006
   396.50000000000000        2.0651237476598274E-006
   397.00000000000000        1.1554441731982896E-006
   397.50000000000000        6.3779006877480881E-007
   398.00000000000000        3.4736088033199512E-007
   398.50000000000000        1.8668312648536040E-007
   399.00000000000000        9.9013667616147594E-008
   399.50000000000000        5.1831581627895544E-008
   400.00000000000000        2.6782110844464177E-008
   400.50000000000000        1.3661127595908275E-008
   401.00000000000000        6.8795294070033056E-009
   401.50000000000000        3.4205750894197610E-009
   402.00000000000000        1.6793620005088895E-009
   402.50000000000000        8.1419750588639919E-010
   403.00000000000000        3.8984310261275308E-010
   403.50000000000000        1.8435629053450024E-010
   404.00000000000000        8.6112560690615812E-011
   404.50000000000000        3.9732600238976469E-011
   405.00000000000000        1.8110483636382674E-011
   405.50000000000000        8.1554042419156204E-012
   406.00000000000000        3.6284599905318480E-012
   406.50000000000000        1.5951034287085953E-012
   407.00000000000000        6.9290319402618384E-013
   407.50000000000000        2.9744065768976114E-013
   408.00000000000000        1.2618227252202894E-013
   408.50000000000000        5.2904443680633905E-014
   409.00000000000000        2.1923338884556134E-014
   409.50000000000000        8.9797932379460217E-015
   410.00000000000000        3.6357571310964459E-015
   410.50000000000000        1.4551760219502713E-015
   411.00000000000000        5.7577268787268826E-016
   411.50000000000000        2.2522867273612530E-016
   412.00000000000000        8.7107413518926047E-017
   412.50000000000000        3.3309387609328897E-017
   413.00000000000000        1.2594446283139186E-017
   413.50000000000000        4.7088274941838298E-018
   414.00000000000000        1.7409556225185904E-018
   414.50000000000000        6.3653659106873587E-019
   415.00000000000000        2.3016481512360676E-019
   415.50000000000000        8.2310100236780144E-020
   416.00000000000000        2.9112823949573577E-020
   416.50000000000000        1.0184754212054931E-020
   417.00000000000000        3.5242721610839372E-021
   417.50000000000000        1.2063082637840072E-021
   418.00000000000000        4.0844550187015402E-022
   418.50000000000000        1.3680864190361539E-022
   419.00000000000000        4.5332834679333983E-023
   419.50000000000000        1.4861004810363800E-023
   420.00000000000000        4.8198680428382619E-024
   420.50000000000000        1.5466399585242388E-024
   421.00000000000000        4.9104981476097356E-025
   421.50000000000000        1.5426201096840284E-025
   422.00000000000000        4.7951713375878244E-026
   422.50000000000000        1.4749432198483637E-026
   423.00000000000000        4.4893821203061997E-027
   423.50000000000000        1.3522337037899990E-027
   424.00000000000000        4.0307366094748493E-028
   424.50000000000000        1.1890438971532049E-028
   425.00000000000000        3.4714047201522514E-029
   425.50000000000000        1.0030425606058938E-029
   426.00000000000000        2.8684867844903143E-030
   426.50000000000000        8.1192915264743030E-031
   427.00000000000000        2.2747171332688003E-031
   427.50000000000000        6.3080136385020327E-032
   428.00000000000000        1.7315123018969993E-032
   428.50000000000000        4.7047639626481765E-033
   429.00000000000000        1.2654376937050612E-033
   429.50000000000000        3.3693454016187967E-034
   430.00000000000000        8.8810256018105562E-035
   430.50000000000000        2.3174177133895765E-035
   431.00000000000000        5.9865931110678618E-036
   431.50000000000000        1.5310867772942806E-036
   432.00000000000000        3.8768121947804449E-037
   432.50000000000000        9.7188456722242310E-038
   433.00000000000000        2.4122897793993603E-038
   433.50000000000000        5.9282822020247096E-039
   434.00000000000000        1.4425219521798072E-039
   434.50000000000000        3.4755182101656855E-040
   435.00000000000000        8.2914317010338419E-041
   435.50000000000000        1.9586705727398232E-041
   436.00000000000000        4.5816732801960743E-042
   436.50000000000000        1.0612714115211269E-042
   437.00000000000000        2.4343167132087141E-043
   437.50000000000000        5.5294820363326672E-044
   438.00000000000000        1.2438182431039468E-044
   438.50000000000000        2.7707841624197453E-045
   439.00000000000000        6.1126543451515760E-046
   439.50000000000000        1.3355073247213442E-046
   440.00000000000000        2.8897468354889068E-047
   440.50000000000000        6.1926718198041091E-048
   441.00000000000000        1.3143426724794216E-048
   441.50000000000000        2.7628596650527137E-049
   442.00000000000000        5.7522266868234479E-050
   442.50000000000000        1.1861708757979692E-050
   443.00000000000000        2.4227000274493810E-051
   443.50000000000000        4.9011733241154385E-052
   444.00000000000000        9.8209905572296942E-053
   444.50000000000000        1.9492700520153272E-053
   445.00000000000000        3.8322758790101176E-054
   445.50000000000000        7.4630439421230894E-055
   446.00000000000000        1.4396470687197479E-055
   446.50000000000000        2.7509525431178612E-056
   447.00000000000000        5.2071883891218217E-057
   447.50000000000000        9.7638840485167061E-058
   448.00000000000000        1.8136227825841192E-058
   448.50000000000000        3.3371991863827315E-059
   449.00000000000000        6.0832238782335793E-060
   449.50000000000000        1.0985189715418590E-060
   450.00000000000000        1.9652097062725519E-061
   450.50000000000000        3.4829176332691125E-062
   451.00000000000000        6.1152717749604107E-063
   451.50000000000000        1.0637308896815711E-063
   452.00000000000000        1.8331429307709369E-064
   452.50000000000000        3.1297845441901097E-065
   453.00000000000000        5.2940863999462202E-066
   453.50000000000000        8.8721913826283401E-067
   454.00000000000000        1.4731223052374246E-067
   454.50000000000000        2.4233680736585253E-068
   455.00000000000000        3.9498189521811559E-069
   455.50000000000000        6.3784726723833766E-070
   456.00000000000000        1.0205688263384823E-070
   456.50000000000000        1.6179246441981076E-071
   457.00000000000000        2.5413758256825177E-072
   457.50000000000000        3.9552892563236880E-073
   458.00000000000000        6.0994463170717637E-074
   458.50000000000000        9.3198594632650183E-075
   459.00000000000000        1.4110389421322967E-075
   459.50000000000000        2.1168161648319930E-076
   460.00000000000000        3.1466289894265564E-077
   460.50000000000000        4.6347878237998821E-078
   461.00000000000000        6.7645621543005822E-079
   461.50000000000000        9.7831466270946297E-080
   462.00000000000000        1.4020061493746164E-080
   462.50000000000000        1.9909352448186862E-081
   463.00000000000000        2.8015831472559805E-082
   463.50000000000000        3.9065401957379952E-083
   464.00000000000000        5.3979224743002066E-084
   464.50000000000000        7.3911097238086263E-085
   465.00000000000000        1.0028693218754750E-085
   465.50000000000000        1.3484464211433930E-086
   466.00000000000000        1.7967207838027482E-087
   466.50000000000000        2.3723997350455226E-088
   467.00000000000000        3.1042614168629598E-089
   467.50000000000000        4.0252657200110317E-090
   468.00000000000000        5.1724858307835403E-091
   468.50000000000000        6.5868098961055672E-092
   469.00000000000000        8.3123635611273583E-093
   469.50000000000000        1.0395609726671263E-093
   470.00000000000000        1.2884092544033024E-094
   470.50000000000000        1.5824808843361713E-095
   471.00000000000000        1.9262211877843555E-096
   471.50000000000000        2.3235878911802896E-097
   472.00000000000000        2.7777904615671017E-098
   472.50000000000000        3.2910114637187826E-099
   473.00000000000000        3.8641225679992466E-100
   473.50000000000000        4.4964107051023554E-101
   474.00000000000000        5.1853320789237990E-102
   474.50000000000000        5.9263130034012279E-103
   475.00000000000000        6.7126165461383786E-104
   475.50000000000000        7.5352925347419373E-105
   476.00000000000000        8.3832255088210806E-106
   476.50000000000000        9.2432907100348575E-107
   477.00000000000000        1.0100622369571099E-107
   477.50000000000000        1.0938991700435801E-108
   478.00000000000000        1.1741284587904308E-109
   478.50000000000000        1.2490061554603619E-110
   479.00000000000000        1.3168175772211923E-111
   479.50000000000000        1.3759419314144405E-112
   480.00000000000000        1.4249164044647428E-113
   480.50000000000000        1.4624961948600814E-114
   481.00000000000000        1.4877070578662902E-115
   481.50000000000000        1.4998872679102451E-116
   482.00000000000000        1.4987164762425328E-117
   482.50000000000000        1.4842297074980228E-118
   483.00000000000000        1.4568156417958654E-119
   483.50000000000000        1.4171992987200316E-120
   484.00000000000000        1.3664101992117456E-121
   484.50000000000000        1.3057379554417183E-122
   485.00000000000000        1.2366779597713388E-123
   485.50000000000000        1.1608703592328713E-124
   486.00000000000000        1.0800357781199960E-125
   486.50000000000000        9.9591127667004227E-127
   487.00000000000000        9.1018981885300061E-128
   487.50000000000000        8.2446609733341794E-129
   488.00000000000000        7.4019097507695083E-130
   488.50000000000000        6.5863610776553491E-131
   489.00000000000000        5.8086957062594867E-132
   489.50000000000000        5.0774258741306942E-133
   490.00000000000000        4.3988680118242961E-134
   490.50000000000000        3.7772097813577652E-135
   491.00000000000000        3.2146562551606095E-136
   491.50000000000000        2.7116374584112865E-137
   492.00000000000000        2.2670584213110544E-138
   492.50000000000000        1.8785731937568128E-139
   493.00000000000000        1.5428657404677533E-140
   493.50000000000000        1.2559229765015411E-141
   494.00000000000000        1.0132881114541653E-142
   494.50000000000000        8.1028564082874279E-144
   495.00000000000000        6.4221248153356125E-145
   495.50000000000000        5.0449267130919731E-146
   496.00000000000000        3.9279557531270505E-147
   496.50000000000000        3.0311956633946253E-148
   497.00000000000000        2.3184462685948741E-149
   497.50000000000000        1.7575827070198902E-150
   498.00000000000000        1.3205964866838369E-151
   498.50000000000000        9.8346748222679538E-153
   499.00000000000000        7.2589476227365570E-154
   499.50000000000000        5.2829575751540800E-155
   500.00000000000000        0.0000000000000000     
