   0.0000000000000000        0.0000000000000000     
  0.50000000000000000        1.2468776041655817E-003
   1.0000000000000000        4.9501666655555662E-003
   1.5000000000000000        1.0998773373430823E-002
   2.0000000000000000        1.9210665529062237E-002
   2.5000000000000000        2.9337554511725941E-002
   3.0000000000000000        4.1071434440572464E-002
   3.5000000000000000        5.4052946536295922E-002
   4.0000000000000000        6.7881504415555918E-002
   4.5000000000000000        8.2127067249488844E-002
   5.0000000000000000        9.6343380158549888E-002
   5.5000000000000000       0.11008241424423616     
   6.0000000000000000       0.12290963400219536     
   6.5000000000000000       0.13441960252759863     
   7.0000000000000000       0.14425131400371274     
   7.5000000000000000       0.15210253208196547     
   8.0000000000000000       0.15774232981442976     
   8.5000000000000000       0.16102099263103675     
   9.0000000000000000       0.16187648158707429     
   9.5000000000000000       0.16033677713626601     
   10.000000000000000       0.15651764274966565     
   10.500000000000000       0.15061565798535051     
   11.000000000000000       0.14289675028754620     
   11.500000000000000       0.13368086454965469     
   12.000000000000000       0.12332379626817894     
   12.500000000000000       0.11219751931277853     
   13.000000000000000       0.10067051010334174     
   13.500000000000000        8.9089571294083625E-002
   14.000000000000000        7.7764482025589499E-002
   14.500000000000000        6.6956471256789565E-002
   15.000000000000000        5.6871075556333098E-002
   15.500000000000000        4.7655469828473442E-002
   16.000000000000000        3.9399918459486205E-002
   16.500000000000000        3.2142643916932057E-002
   17.000000000000000        2.5877187228047417E-002
   17.500000000000000        2.0561251675563968E-002
   18.000000000000000        1.6126065318477448E-002
   18.500000000000000        1.2485440043006401E-002
   19.000000000000000        9.5439065569961883E-003
   19.500000000000000        7.2035275873532862E-003
   20.000000000000000        5.3692032134599194E-003
   20.500000000000000        3.9524602076574022E-003
   21.000000000000000        2.8738494911784889E-003
   21.500000000000000        2.0641597556548693E-003
   22.000000000000000        1.4646953137810192E-003
   22.500000000000000        1.0268708926500106E-003
   23.000000000000000        7.1135561703889719E-004
   23.500000000000000        4.8696285033824618E-004
   24.000000000000000        3.2944039323760802E-004
   24.500000000000000        2.2027323869357732E-004
   25.000000000000000        1.4557293203415201E-004
   25.500000000000000        9.5095936858729060E-005
   26.000000000000000        6.1409078460567803E-005
   26.500000000000000        3.9202868216049099E-005
   27.000000000000000        2.4742393676469900E-005
   27.500000000000000        1.5439273256913132E-005
   28.000000000000000        9.5256521100269198E-006
   28.500000000000000        5.8111972872367241E-006
   29.000000000000000        3.5055714842999749E-006
   29.500000000000000        2.0911857863622234E-006
   30.000000000000000        1.2336283781098580E-006
   30.500000000000000        7.1969838012023275E-007
   31.000000000000000        4.1524731704260620E-007
   31.500000000000000        2.3695627980075959E-007
   32.000000000000000        1.3373618322435828E-007
   32.500000000000000        7.4655621281758461E-008
   33.000000000000000        4.1221324655721384E-008
   33.500000000000000        2.2513321945726488E-008
   34.000000000000000        1.2162623036639727E-008
   34.500000000000000        6.4997438027636606E-009
   35.000000000000000        3.4360333528255340E-009
   35.500000000000000        1.7968879481544066E-009
   36.000000000000000        9.2960196302416200E-010
   36.500000000000000        4.7576773635367543E-010
   37.000000000000000        2.4089288991968033E-010
   37.500000000000000        1.2066818136873361E-010
   38.000000000000000        5.9801179381346074E-011
   38.500000000000000        2.9321285185601953E-011
   39.000000000000000        1.4223952345404979E-011
   39.500000000000000        6.8269869819103004E-012
   40.000000000000000        3.2420263805681501E-012
   40.500000000000000        1.5233146332584601E-012
   41.000000000000000        7.0819840660415360E-013
   41.500000000000000        3.2577590332650815E-013
   42.000000000000000        1.4828179683611239E-013
   42.500000000000000        6.6783251740307636E-014
   43.000000000000000        2.9762121241733046E-014
   43.500000000000000        1.3124487699712645E-014
   44.000000000000000        5.7270156072177741E-015
   44.500000000000000        2.4729030382516384E-015
   45.000000000000000        1.0566314620728645E-015
   45.500000000000000        4.4676851893290167E-016
   46.000000000000000        1.8693423824628223E-016
   46.500000000000000        7.7401065936471193E-017
   47.000000000000000        3.1714744811702869E-017
   47.500000000000000        1.2859851175547547E-017
   48.000000000000000        5.1603032417524991E-018
   48.500000000000000        2.0491938946379388E-018
   49.000000000000000        8.0531038403983397E-019
   49.500000000000000        3.1319852642274321E-019
   50.000000000000000        1.2054686549774485E-019
   50.500000000000000        4.5917206955609790E-020
   51.000000000000000        1.7309389705302529E-020
   51.500000000000000        6.4577038380124643E-021
   52.000000000000000        2.3843378510921822E-021
   52.500000000000000        8.7127228354615685E-022
   53.000000000000000        3.1509352959071105E-022
   53.500000000000000        1.1277881097910250E-022
   54.000000000000000        3.9950374490088021E-023
   54.500000000000000        1.4006264118175541E-023
   55.000000000000000        4.8599813517219770E-024
   55.500000000000000        1.6690155187859302E-024
   56.000000000000000        5.6728617930572472E-025
   56.500000000000000        1.9083700590127836E-025
   57.000000000000000        6.3539528621355107E-026
   57.500000000000000        2.0938654117087446E-026
   58.000000000000000        6.8293478171327651E-027
   58.500000000000000        2.2046398358664208E-027
   59.000000000000000        7.0441114147444075E-028
   59.500000000000000        2.2276505878780243E-028
   60.000000000000000        6.9727212633873959E-029
   60.500000000000000        2.1601999459865549E-029
   61.000000000000000        6.6240560224219527E-030
   61.500000000000000        2.0104551055133014E-030
   62.000000000000000        6.0395834903618100E-031
   62.500000000000000        1.7958235838648563E-031
   63.000000000000000        5.2852583903743849E-032
   63.500000000000000        1.5396301533619118E-032
   64.000000000000000        4.4393147558529028E-033
   64.500000000000000        1.2669704674550515E-033
   65.000000000000000        3.5790659888504249E-034
   65.500000000000000        1.0007536442333997E-034
   66.000000000000000        2.7697494114350250E-035
   66.500000000000000        7.5877170820197151E-036
   67.000000000000000        2.0575037031005506E-036
   67.500000000000000        5.5224326480300315E-037
   68.000000000000000        1.4671751560949403E-037
   68.500000000000000        3.8583056752249436E-038
   69.000000000000000        1.0043285212891271E-038
   69.500000000000000        2.5877409242406346E-039
   70.000000000000000        6.5998328039924260E-040
   70.500000000000000        1.6661476863065367E-040
   71.000000000000000        4.1635494720468816E-041
   71.500000000000000        1.0298758279435362E-041
   72.000000000000000        2.5216110677213887E-042
   72.500000000000000        6.1114549704818211E-043
   73.000000000000000        1.4661741534002915E-043
   73.500000000000000        3.4817858750432930E-044
   74.000000000000000        8.1845578152689906E-045
   74.500000000000000        1.9044348812331052E-045
   75.000000000000000        4.3864768275365165E-046
   75.500000000000000        1.0001045362333707E-046
   76.000000000000000        2.2571260841772664E-047
   76.500000000000000        5.0425255364027809E-048
   77.000000000000000        1.1151241891939520E-048
   77.500000000000000        2.4410808930496873E-049
   78.000000000000000        5.2896367937386663E-050
   78.500000000000000        1.1346324624700640E-050
   79.000000000000000        2.4091904557341392E-051
   79.500000000000000        5.0637765078920604E-052
   80.000000000000000        1.0535769590343331E-052
   80.500000000000000        2.1699373461775850E-053
   81.000000000000000        4.4240309865654749E-054
   81.500000000000000        8.9285305000630629E-055
   82.000000000000000        1.7837479343195969E-055
   82.500000000000000        3.5276009031398944E-056
   83.000000000000000        6.9058740419448799E-057
   83.500000000000000        1.3382950540424211E-057
   84.000000000000000        2.5673191368590499E-058
   84.500000000000000        4.8753224805821918E-059
   85.000000000000000        9.1648016013083101E-060
   85.500000000000000        1.7054529093406369E-060
   86.000000000000000        3.1416228124750259E-061
   86.500000000000000        5.7288398994858432E-062
   87.000000000000000        1.0341376264794026E-062
   87.500000000000000        1.8479476781013686E-063
   88.000000000000000        3.2688977139806074E-064
   88.500000000000000        5.7241890038655087E-065
   89.000000000000000        9.9226621239041322E-066
   89.500000000000000        1.7027256093277373E-066
   90.000000000000000        2.8924374065730229E-067
   90.500000000000000        4.8639231969693491E-068
   91.000000000000000        8.0968012047052353E-069
   91.500000000000000        1.3342734796802551E-069
   92.000000000000000        2.1766139727793751E-070
   92.500000000000000        3.5149869362172829E-071
   93.000000000000000        5.6191718545627213E-072
   93.500000000000000        8.8925794719806468E-073
   94.000000000000000        1.3931265610130022E-073
   94.500000000000000        2.1605349381431256E-074
   95.000000000000000        3.3169615529238883E-075
   95.500000000000000        5.0411371695809944E-076
   96.000000000000000        7.5844837948767461E-077
   96.500000000000000        1.1296228567702914E-077
   97.000000000000000        1.6655256770803685E-078
   97.500000000000000        2.4309727516441349E-079
   98.000000000000000        3.5125314284798179E-080
   98.500000000000000        5.0242608733898825E-081
   99.000000000000000        7.1143697992270773E-082
   99.500000000000000        9.9727155917284032E-083
   100.00000000000000        1.3838965267367375E-083
   100.50000000000000        1.9011108049415610E-084
   101.00000000000000        2.5853854313508739E-085
   101.50000000000000        3.4806282859807102E-086
   102.00000000000000        4.6387919263725550E-087
   102.50000000000000        6.1202258890201362E-088
   103.00000000000000        7.9936610385900826E-089
   103.50000000000000        1.0335705441317536E-089
   104.00000000000000        1.3229731551743202E-090
   104.50000000000000        1.6764045917206343E-091
   105.00000000000000        2.1029257388829985E-092
   105.50000000000000        2.6114799417731912E-093
   106.00000000000000        3.2104616593477027E-094
   106.50000000000000        3.9072093699528458E-095
   107.00000000000000        4.7074383874694677E-096
   107.50000000000000        5.6146375664050627E-097
   108.00000000000000        6.6294619690842733E-098
   108.50000000000000        7.7491605886434820E-099
   109.00000000000000        8.9670832533775096E-100
   109.50000000000000        1.0272312997755271E-100
   110.00000000000000        1.1649468732206045E-101
   110.50000000000000        1.3078717493181591E-102
   111.00000000000000        1.4536025780491711E-103
   111.50000000000000        1.5993665794300834E-104
   112.00000000000000        1.7420975532484346E-105
   112.50000000000000        1.8785352897172706E-106
   113.00000000000000        2.0053444735055985E-107
   113.50000000000000        2.1192473860343603E-108
   114.00000000000000        2.2171632377746165E-109
   114.50000000000000        2.2963459664233711E-110
   115.00000000000000        2.3545119446781915E-111
   115.50000000000000        2.3899493259907681E-112
   116.00000000000000        2.4016017264613231E-113
   116.50000000000000        2.3891205353159054E-114
   117.00000000000000        2.3528822394967395E-115
   117.50000000000000        2.2939695610305937E-116
   118.00000000000000        2.2141177257238575E-117
   118.50000000000000        2.1156295835137663E-118
   119.00000000000000        2.0012653725259453E-119
   119.50000000000000        1.8741144842440582E-120
   120.00000000000000        1.7374575238127842E-121
   120.50000000000000        1.5946272103813118E-122
   121.00000000000000        1.4488762394430185E-123
   121.50000000000000        1.3032592084605487E-124
   122.00000000000000        1.1605342172436998E-125
   122.50000000000000        1.0230879595240531E-126
   123.00000000000000        8.9288620142312913E-128
   123.50000000000000        7.7144967107452568E-129
   124.00000000000000        6.5985371443489070E-130
   124.50000000000000        5.5874872265603040E-131
   125.00000000000000        4.6839738011103154E-132
   125.50000000000000        3.8872424733718109E-133
   126.00000000000000        3.1937306525190887E-134
   126.50000000000000        2.5976739627353680E-135
   127.00000000000000        2.0917072970560071E-136
   127.50000000000000        1.6674288456152594E-137
   128.00000000000000        1.3159035196511557E-138
   128.50000000000000        1.0280904726113479E-139
   129.00000000000000        7.9518718806082835E-141
   129.50000000000000        6.0888934014815072E-142
   130.00000000000000        4.6157101187120195E-143
   130.50000000000000        3.4639374251967081E-144
   131.00000000000000        2.5735529241968527E-145
   131.50000000000000        1.8929010732664650E-146
   132.00000000000000        1.3783346409401149E-147
   132.50000000000000        9.9360451160068765E-149
   133.00000000000000        7.0909554381393107E-150
   133.50000000000000        5.0098931197497960E-151
   134.00000000000000        3.5041674596296966E-152
   134.50000000000000        2.4264654527513717E-153
   135.00000000000000        1.6633989394300055E-154
   135.50000000000000        1.1288908515382319E-155
   136.00000000000000        7.5847433145382943E-157
   136.50000000000000        5.0450258596139598E-158
   137.00000000000000        3.3221531683223351E-159
   137.50000000000000        2.1657574798843054E-160
   138.00000000000000        1.3977647320402842E-161
   138.50000000000000        8.9308456545512495E-163
   139.00000000000000        5.6491811845645305E-164
   139.50000000000000        3.5376348312608212E-165
   140.00000000000000        2.1931848470687530E-166
   140.50000000000000        1.3460846417014216E-167
   141.00000000000000        8.1790818867370194E-169
   141.50000000000000        4.9200776128276347E-170
   142.00000000000000        2.9300478689194753E-171
   142.50000000000000        1.7274798664068075E-172
   143.00000000000000        1.0082934386263629E-173
   143.50000000000000        5.8263518092229063E-175
   144.00000000000000        3.3330546414973434E-176
   144.50000000000000        1.8876621734897681E-177
   145.00000000000000        1.0583818134866232E-178
   145.50000000000000        5.8748510904243849E-180
   146.00000000000000        3.2284041591870690E-181
   146.50000000000000        1.7563683974900985E-182
   147.00000000000000        9.4597606932117719E-184
   147.50000000000000        5.0440762504171238E-185
   148.00000000000000        2.6626876834101448E-186
   148.50000000000000        1.3915411178984364E-187
   149.00000000000000        7.1996141022815671E-189
   149.50000000000000        3.6877365479881726E-190
   150.00000000000000        1.8700283034216734E-191
   150.50000000000000        9.3880247340477678E-193
   151.00000000000000        4.6659292757770491E-194
   151.50000000000000        2.2958319003882163E-195
   152.00000000000000        1.1183562107379045E-196
   152.50000000000000        5.3933484458654802E-198
   153.00000000000000        2.5749878596579497E-199
   153.50000000000000        1.2171115808146406E-200
   154.00000000000000        5.6953999487008816E-202
   154.50000000000000        2.6384981987038770E-203
   155.00000000000000        1.2101194412164808E-204
   155.50000000000000        5.4946325254740568E-206
   156.00000000000000        2.4699499981954032E-207
   156.50000000000000        1.0992004047476919E-208
   157.00000000000000        4.8428935265830429E-210
   157.50000000000000        2.1123817087644287E-211
   158.00000000000000        9.1217764186334717E-213
   158.50000000000000        3.8996542759696669E-214
   159.00000000000000        1.6504887078349784E-215
   159.50000000000000        6.9157436204040523E-217
   160.00000000000000        2.8688325260430876E-218
   160.50000000000000        1.1781798693226115E-219
   161.00000000000000        4.7902501797212501E-221
   161.50000000000000        1.9281689911387840E-222
   162.00000000000000        7.6837353269752466E-224
   162.50000000000000        3.0313787795098930E-225
   163.00000000000000        1.1839916071787105E-226
   163.50000000000000        4.5782315175347561E-228
   164.00000000000000        1.7526196911280690E-229
   164.50000000000000        6.6423006736431479E-231
   165.00000000000000        2.4922429751647941E-232
   165.50000000000000        9.2577049086373473E-234
   166.00000000000000        3.4045325100996618E-235
   166.50000000000000        1.2395182701259640E-236
   167.00000000000000        4.4677593111535132E-238
   167.50000000000000        1.5942928100899615E-239
   168.00000000000000        5.6323285711493098E-241
   168.50000000000000        1.9699243317884048E-242
   169.00000000000000        6.8210756425172354E-244
   169.50000000000000        2.3382881898138690E-245
   170.00000000000000        7.9356982454602603E-247
   170.50000000000000        2.6663323527704592E-248
   171.00000000000000        8.8692221903149239E-250
   171.50000000000000        2.9207809698640558E-251
   172.00000000000000        9.5225823071380674E-253
   172.50000000000000        3.0736389776903740E-254
   173.00000000000000        9.8218531118462229E-256
   173.50000000000000        3.1072525926835549E-257
   174.00000000000000        9.7320047240940617E-259
   174.50000000000000        3.0176632483174644E-260
   175.00000000000000        9.2636476720192409E-262
   175.50000000000000        2.8153744072006525E-263
   176.00000000000000        8.4709719284158355E-265
   176.50000000000000        2.5233259933513134E-266
   177.00000000000000        7.4414333192218726E-268
   177.50000000000000        2.1726162338722733E-269
   178.00000000000000        6.2798998354172704E-271
   178.50000000000000        1.7970731743982224E-272
   179.00000000000000        5.0912242982884233E-274
   179.50000000000000        1.4279802497289763E-275
   180.00000000000000        3.9652059309868643E-277
   180.50000000000000        1.0900663778099416E-278
   181.00000000000000        2.9667699184014461E-280
   181.50000000000000        7.9938977324142153E-282
   182.00000000000000        2.1324417691767175E-283
   182.50000000000000        5.6317026639381955E-285
   183.00000000000000        1.4724693710566070E-286
   183.50000000000000        3.8115086438866597E-288
   184.00000000000000        9.7676863538191218E-290
   184.50000000000000        2.4781679149850976E-291
   185.00000000000000        6.2246372999965523E-293
   185.50000000000000        1.5478958560690111E-294
   186.00000000000000        3.8107798343046579E-296
   186.50000000000000        9.2881769584203066E-298
   187.00000000000000        2.2412570705377125E-299
   187.50000000000000        5.3542358798166886E-301
   188.00000000000000        1.2663333054841773E-302
   188.50000000000000        0.0000000000000000     
   189.00000000000000        0.0000000000000000     
   189.50000000000000        0.0000000000000000     
   190.00000000000000        0.0000000000000000     
   190.50000000000000        0.0000000000000000     
   191.00000000000000        0.0000000000000000     
   191.50000000000000        0.0000000000000000     
   192.00000000000000        0.0000000000000000     
   192.50000000000000        0.0000000000000000     
   193.00000000000000        0.0000000000000000     
   193.50000000000000        0.0000000000000000     
   194.00000000000000        0.0000000000000000     
   194.50000000000000        0.0000000000000000     
   195.00000000000000        0.0000000000000000     
   195.50000000000000        0.0000000000000000     
   196.00000000000000        0.0000000000000000     
   196.50000000000000        0.0000000000000000     
   197.00000000000000        0.0000000000000000     
   197.50000000000000        0.0000000000000000     
   198.00000000000000        0.0000000000000000     
   198.50000000000000        0.0000000000000000     
   199.00000000000000        0.0000000000000000     
   199.50000000000000        0.0000000000000000     
   200.00000000000000        0.0000000000000000     
   200.50000000000000        0.0000000000000000     
   201.00000000000000        0.0000000000000000     
   201.50000000000000        0.0000000000000000     
   202.00000000000000        0.0000000000000000     
   202.50000000000000        0.0000000000000000     
   203.00000000000000        0.0000000000000000     
   203.50000000000000        0.0000000000000000     
   204.00000000000000        0.0000000000000000     
   204.50000000000000        0.0000000000000000     
   205.00000000000000        0.0000000000000000     
   205.50000000000000        0.0000000000000000     
   206.00000000000000        0.0000000000000000     
   206.50000000000000        0.0000000000000000     
   207.00000000000000        0.0000000000000000     
   207.50000000000000        0.0000000000000000     
   208.00000000000000        0.0000000000000000     
   208.50000000000000        0.0000000000000000     
   209.00000000000000        0.0000000000000000     
   209.50000000000000        0.0000000000000000     
   210.00000000000000        0.0000000000000000     
   210.50000000000000        0.0000000000000000     
   211.00000000000000        0.0000000000000000     
   211.50000000000000        0.0000000000000000     
   212.00000000000000        0.0000000000000000     
   212.50000000000000        0.0000000000000000     
   213.00000000000000        0.0000000000000000     
   213.50000000000000        0.0000000000000000     
   214.00000000000000        0.0000000000000000     
   214.50000000000000        0.0000000000000000     
   215.00000000000000        0.0000000000000000     
   215.50000000000000        0.0000000000000000     
   216.00000000000000        0.0000000000000000     
   216.50000000000000        0.0000000000000000     
   217.00000000000000        0.0000000000000000     
   217.50000000000000        0.0000000000000000     
   218.00000000000000        0.0000000000000000     
   218.50000000000000        0.0000000000000000     
   219.00000000000000        0.0000000000000000     
   219.50000000000000        0.0000000000000000     
   220.00000000000000        0.0000000000000000     
   220.50000000000000        0.0000000000000000     
   221.00000000000000        0.0000000000000000     
   221.50000000000000        0.0000000000000000     
   222.00000000000000        0.0000000000000000     
   222.50000000000000        0.0000000000000000     
   223.00000000000000        0.0000000000000000     
   223.50000000000000        0.0000000000000000     
   224.00000000000000        0.0000000000000000     
   224.50000000000000        0.0000000000000000     
   225.00000000000000        0.0000000000000000     
   225.50000000000000        0.0000000000000000     
   226.00000000000000        0.0000000000000000     
   226.50000000000000        0.0000000000000000     
   227.00000000000000        0.0000000000000000     
   227.50000000000000        0.0000000000000000     
   228.00000000000000        0.0000000000000000     
   228.50000000000000        0.0000000000000000     
   229.00000000000000        0.0000000000000000     
   229.50000000000000        0.0000000000000000     
   230.00000000000000        0.0000000000000000     
   230.50000000000000        0.0000000000000000     
   231.00000000000000        0.0000000000000000     
   231.50000000000000        0.0000000000000000     
   232.00000000000000        0.0000000000000000     
   232.50000000000000        0.0000000000000000     
   233.00000000000000        0.0000000000000000     
   233.50000000000000        0.0000000000000000     
   234.00000000000000        0.0000000000000000     
   234.50000000000000        0.0000000000000000     
   235.00000000000000        0.0000000000000000     
   235.50000000000000        0.0000000000000000     
   236.00000000000000        0.0000000000000000     
   236.50000000000000        0.0000000000000000     
   237.00000000000000        0.0000000000000000     
   237.50000000000000        0.0000000000000000     
   238.00000000000000        0.0000000000000000     
   238.50000000000000        0.0000000000000000     
   239.00000000000000        0.0000000000000000     
   239.50000000000000        0.0000000000000000     
   240.00000000000000        0.0000000000000000     
   240.50000000000000        0.0000000000000000     
   241.00000000000000        0.0000000000000000     
   241.50000000000000        0.0000000000000000     
   242.00000000000000        0.0000000000000000     
   242.50000000000000        0.0000000000000000     
   243.00000000000000        0.0000000000000000     
   243.50000000000000        0.0000000000000000     
   244.00000000000000        0.0000000000000000     
   244.50000000000000        0.0000000000000000     
   245.00000000000000        0.0000000000000000     
   245.50000000000000        0.0000000000000000     
   246.00000000000000        0.0000000000000000     
   246.50000000000000        0.0000000000000000     
   247.00000000000000        0.0000000000000000     
   247.50000000000000        0.0000000000000000     
   248.00000000000000        0.0000000000000000     
   248.50000000000000        0.0000000000000000     
   249.00000000000000        0.0000000000000000     
   249.50000000000000        0.0000000000000000     
   250.00000000000000        0.0000000000000000     
   250.50000000000000        0.0000000000000000     
   251.00000000000000        0.0000000000000000     
   251.50000000000000        0.0000000000000000     
   252.00000000000000        0.0000000000000000     
   252.50000000000000        0.0000000000000000     
   253.00000000000000        0.0000000000000000     
   253.50000000000000        0.0000000000000000     
   254.00000000000000        0.0000000000000000     
   254.50000000000000        0.0000000000000000     
   255.00000000000000        0.0000000000000000     
   255.50000000000000        0.0000000000000000     
   256.00000000000000        0.0000000000000000     
   256.50000000000000        0.0000000000000000     
   257.00000000000000        0.0000000000000000     
   257.50000000000000        0.0000000000000000     
   258.00000000000000        0.0000000000000000     
   258.50000000000000        0.0000000000000000     
   259.00000000000000        0.0000000000000000     
   259.50000000000000        0.0000000000000000     
   260.00000000000000        0.0000000000000000     
   260.50000000000000        0.0000000000000000     
   261.00000000000000        0.0000000000000000     
   261.50000000000000        0.0000000000000000     
   262.00000000000000        0.0000000000000000     
   262.50000000000000        0.0000000000000000     
   263.00000000000000        0.0000000000000000     
   263.50000000000000        0.0000000000000000     
   264.00000000000000        0.0000000000000000     
   264.50000000000000        0.0000000000000000     
   265.00000000000000        0.0000000000000000     
   265.50000000000000        0.0000000000000000     
   266.00000000000000        0.0000000000000000     
   266.50000000000000        0.0000000000000000     
   267.00000000000000        0.0000000000000000     
   267.50000000000000        0.0000000000000000     
   268.00000000000000        0.0000000000000000     
   268.50000000000000        0.0000000000000000     
   269.00000000000000        0.0000000000000000     
   269.50000000000000        0.0000000000000000     
   270.00000000000000        0.0000000000000000     
   270.50000000000000        0.0000000000000000     
   271.00000000000000        0.0000000000000000     
   271.50000000000000        0.0000000000000000     
   272.00000000000000        0.0000000000000000     
   272.50000000000000        0.0000000000000000     
   273.00000000000000        0.0000000000000000     
   273.50000000000000        0.0000000000000000     
   274.00000000000000        0.0000000000000000     
   274.50000000000000        0.0000000000000000     
   275.00000000000000        0.0000000000000000     
   275.50000000000000        0.0000000000000000     
   276.00000000000000        0.0000000000000000     
   276.50000000000000        0.0000000000000000     
   277.00000000000000        0.0000000000000000     
   277.50000000000000        0.0000000000000000     
   278.00000000000000        0.0000000000000000     
   278.50000000000000        0.0000000000000000     
   279.00000000000000        0.0000000000000000     
   279.50000000000000        0.0000000000000000     
   280.00000000000000        0.0000000000000000     
   280.50000000000000        0.0000000000000000     
   281.00000000000000        0.0000000000000000     
   281.50000000000000        0.0000000000000000     
   282.00000000000000        0.0000000000000000     
   282.50000000000000        0.0000000000000000     
   283.00000000000000        0.0000000000000000     
   283.50000000000000        0.0000000000000000     
   284.00000000000000        0.0000000000000000     
   284.50000000000000        0.0000000000000000     
   285.00000000000000        0.0000000000000000     
   285.50000000000000        0.0000000000000000     
   286.00000000000000        0.0000000000000000     
   286.50000000000000        0.0000000000000000     
   287.00000000000000        0.0000000000000000     
   287.50000000000000        0.0000000000000000     
   288.00000000000000        0.0000000000000000     
   288.50000000000000        0.0000000000000000     
   289.00000000000000        0.0000000000000000     
   289.50000000000000        0.0000000000000000     
   290.00000000000000        0.0000000000000000     
   290.50000000000000        0.0000000000000000     
   291.00000000000000        0.0000000000000000     
   291.50000000000000        0.0000000000000000     
   292.00000000000000        0.0000000000000000     
   292.50000000000000        0.0000000000000000     
   293.00000000000000        0.0000000000000000     
   293.50000000000000        0.0000000000000000     
   294.00000000000000        0.0000000000000000     
   294.50000000000000        0.0000000000000000     
   295.00000000000000        0.0000000000000000     
   295.50000000000000        0.0000000000000000     
   296.00000000000000        0.0000000000000000     
   296.50000000000000        0.0000000000000000     
   297.00000000000000        0.0000000000000000     
   297.50000000000000        0.0000000000000000     
   298.00000000000000        0.0000000000000000     
   298.50000000000000        0.0000000000000000     
   299.00000000000000        0.0000000000000000     
   299.50000000000000        0.0000000000000000     
   300.00000000000000        0.0000000000000000     
   300.50000000000000        0.0000000000000000     
   301.00000000000000        0.0000000000000000     
   301.50000000000000        0.0000000000000000     
   302.00000000000000        0.0000000000000000     
   302.50000000000000        0.0000000000000000     
   303.00000000000000        0.0000000000000000     
   303.50000000000000        0.0000000000000000     
   304.00000000000000        0.0000000000000000     
   304.50000000000000        0.0000000000000000     
   305.00000000000000        0.0000000000000000     
   305.50000000000000        0.0000000000000000     
   306.00000000000000        0.0000000000000000     
   306.50000000000000        0.0000000000000000     
   307.00000000000000        0.0000000000000000     
   307.50000000000000        0.0000000000000000     
   308.00000000000000        0.0000000000000000     
   308.50000000000000        0.0000000000000000     
   309.00000000000000        0.0000000000000000     
   309.50000000000000        0.0000000000000000     
   310.00000000000000        0.0000000000000000     
   310.50000000000000        0.0000000000000000     
   311.00000000000000        0.0000000000000000     
   311.50000000000000        0.0000000000000000     
   312.00000000000000        0.0000000000000000     
   312.50000000000000        0.0000000000000000     
   313.00000000000000        0.0000000000000000     
   313.50000000000000        0.0000000000000000     
   314.00000000000000        0.0000000000000000     
   314.50000000000000        0.0000000000000000     
   315.00000000000000        0.0000000000000000     
   315.50000000000000        0.0000000000000000     
   316.00000000000000        0.0000000000000000     
   316.50000000000000        0.0000000000000000     
   317.00000000000000        0.0000000000000000     
   317.50000000000000        0.0000000000000000     
   318.00000000000000        0.0000000000000000     
   318.50000000000000        0.0000000000000000     
   319.00000000000000        0.0000000000000000     
   319.50000000000000        0.0000000000000000     
   320.00000000000000        0.0000000000000000     
   320.50000000000000        0.0000000000000000     
   321.00000000000000        0.0000000000000000     
   321.50000000000000        0.0000000000000000     
   322.00000000000000        0.0000000000000000     
   322.50000000000000        0.0000000000000000     
   323.00000000000000        0.0000000000000000     
   323.50000000000000        0.0000000000000000     
   324.00000000000000        0.0000000000000000     
   324.50000000000000        0.0000000000000000     
   325.00000000000000        0.0000000000000000     
   325.50000000000000        0.0000000000000000     
   326.00000000000000        0.0000000000000000     
   326.50000000000000        0.0000000000000000     
   327.00000000000000        0.0000000000000000     
   327.50000000000000        0.0000000000000000     
   328.00000000000000        0.0000000000000000     
   328.50000000000000        0.0000000000000000     
   329.00000000000000        0.0000000000000000     
   329.50000000000000        0.0000000000000000     
   330.00000000000000        0.0000000000000000     
   330.50000000000000        0.0000000000000000     
   331.00000000000000        0.0000000000000000     
   331.50000000000000        0.0000000000000000     
   332.00000000000000        0.0000000000000000     
   332.50000000000000        0.0000000000000000     
   333.00000000000000        0.0000000000000000     
   333.50000000000000        0.0000000000000000     
   334.00000000000000        0.0000000000000000     
   334.50000000000000        0.0000000000000000     
   335.00000000000000        0.0000000000000000     
   335.50000000000000        0.0000000000000000     
   336.00000000000000        0.0000000000000000     
   336.50000000000000        0.0000000000000000     
   337.00000000000000        0.0000000000000000     
   337.50000000000000        0.0000000000000000     
   338.00000000000000        0.0000000000000000     
   338.50000000000000        0.0000000000000000     
   339.00000000000000        0.0000000000000000     
   339.50000000000000        0.0000000000000000     
   340.00000000000000        0.0000000000000000     
   340.50000000000000        0.0000000000000000     
   341.00000000000000        0.0000000000000000     
   341.50000000000000        0.0000000000000000     
   342.00000000000000        0.0000000000000000     
   342.50000000000000        0.0000000000000000     
   343.00000000000000        0.0000000000000000     
   343.50000000000000        0.0000000000000000     
   344.00000000000000        0.0000000000000000     
   344.50000000000000        0.0000000000000000     
   345.00000000000000        0.0000000000000000     
   345.50000000000000        0.0000000000000000     
   346.00000000000000        0.0000000000000000     
   346.50000000000000        0.0000000000000000     
   347.00000000000000        0.0000000000000000     
   347.50000000000000        0.0000000000000000     
   348.00000000000000        0.0000000000000000     
   348.50000000000000        0.0000000000000000     
   349.00000000000000        0.0000000000000000     
   349.50000000000000        0.0000000000000000     
   350.00000000000000        0.0000000000000000     
   350.50000000000000        0.0000000000000000     
   351.00000000000000        0.0000000000000000     
   351.50000000000000        0.0000000000000000     
   352.00000000000000        0.0000000000000000     
   352.50000000000000        0.0000000000000000     
   353.00000000000000        0.0000000000000000     
   353.50000000000000        0.0000000000000000     
   354.00000000000000        0.0000000000000000     
   354.50000000000000        0.0000000000000000     
   355.00000000000000        0.0000000000000000     
   355.50000000000000        0.0000000000000000     
   356.00000000000000        0.0000000000000000     
   356.50000000000000        0.0000000000000000     
   357.00000000000000        0.0000000000000000     
   357.50000000000000        0.0000000000000000     
   358.00000000000000        0.0000000000000000     
   358.50000000000000        0.0000000000000000     
   359.00000000000000        0.0000000000000000     
   359.50000000000000        0.0000000000000000     
   360.00000000000000        0.0000000000000000     
   360.50000000000000        0.0000000000000000     
   361.00000000000000        0.0000000000000000     
   361.50000000000000        0.0000000000000000     
   362.00000000000000        0.0000000000000000     
   362.50000000000000        0.0000000000000000     
   363.00000000000000        0.0000000000000000     
   363.50000000000000        0.0000000000000000     
   364.00000000000000        0.0000000000000000     
   364.50000000000000        0.0000000000000000     
   365.00000000000000        0.0000000000000000     
   365.50000000000000        0.0000000000000000     
   366.00000000000000        0.0000000000000000     
   366.50000000000000        0.0000000000000000     
   367.00000000000000        0.0000000000000000     
   367.50000000000000        0.0000000000000000     
   368.00000000000000        0.0000000000000000     
   368.50000000000000        0.0000000000000000     
   369.00000000000000        0.0000000000000000     
   369.50000000000000        0.0000000000000000     
   370.00000000000000        0.0000000000000000     
   370.50000000000000        0.0000000000000000     
   371.00000000000000        0.0000000000000000     
   371.50000000000000        0.0000000000000000     
   372.00000000000000        0.0000000000000000     
   372.50000000000000        0.0000000000000000     
   373.00000000000000        0.0000000000000000     
   373.50000000000000        0.0000000000000000     
   374.00000000000000        0.0000000000000000     
   374.50000000000000        0.0000000000000000     
   375.00000000000000        0.0000000000000000     
   375.50000000000000        0.0000000000000000     
   376.00000000000000        0.0000000000000000     
   376.50000000000000        0.0000000000000000     
   377.00000000000000        0.0000000000000000     
   377.50000000000000        0.0000000000000000     
   378.00000000000000        0.0000000000000000     
   378.50000000000000        0.0000000000000000     
   379.00000000000000        0.0000000000000000     
   379.50000000000000        0.0000000000000000     
   380.00000000000000        0.0000000000000000     
   380.50000000000000        0.0000000000000000     
   381.00000000000000        0.0000000000000000     
   381.50000000000000        0.0000000000000000     
   382.00000000000000        0.0000000000000000     
   382.50000000000000        0.0000000000000000     
   383.00000000000000        0.0000000000000000     
   383.50000000000000        0.0000000000000000     
   384.00000000000000        0.0000000000000000     
   384.50000000000000        0.0000000000000000     
   385.00000000000000        0.0000000000000000     
   385.50000000000000        0.0000000000000000     
   386.00000000000000        0.0000000000000000     
   386.50000000000000        0.0000000000000000     
   387.00000000000000        0.0000000000000000     
   387.50000000000000        0.0000000000000000     
   388.00000000000000        0.0000000000000000     
   388.50000000000000        0.0000000000000000     
   389.00000000000000        0.0000000000000000     
   389.50000000000000        0.0000000000000000     
   390.00000000000000        0.0000000000000000     
   390.50000000000000        0.0000000000000000     
   391.00000000000000        0.0000000000000000     
   391.50000000000000        0.0000000000000000     
   392.00000000000000        0.0000000000000000     
   392.50000000000000        0.0000000000000000     
   393.00000000000000        0.0000000000000000     
   393.50000000000000        0.0000000000000000     
   394.00000000000000        0.0000000000000000     
   394.50000000000000        0.0000000000000000     
   395.00000000000000        0.0000000000000000     
   395.50000000000000        0.0000000000000000     
   396.00000000000000        0.0000000000000000     
   396.50000000000000        0.0000000000000000     
   397.00000000000000        0.0000000000000000     
   397.50000000000000        0.0000000000000000     
   398.00000000000000        0.0000000000000000     
   398.50000000000000        0.0000000000000000     
   399.00000000000000        0.0000000000000000     
   399.50000000000000        0.0000000000000000     
   400.00000000000000        0.0000000000000000     
   400.50000000000000        0.0000000000000000     
   401.00000000000000        0.0000000000000000     
   401.50000000000000        0.0000000000000000     
   402.00000000000000        0.0000000000000000     
   402.50000000000000        0.0000000000000000     
   403.00000000000000        0.0000000000000000     
   403.50000000000000        0.0000000000000000     
   404.00000000000000        0.0000000000000000     
   404.50000000000000        0.0000000000000000     
   405.00000000000000        0.0000000000000000     
   405.50000000000000        0.0000000000000000     
   406.00000000000000        0.0000000000000000     
   406.50000000000000        0.0000000000000000     
   407.00000000000000        0.0000000000000000     
   407.50000000000000        0.0000000000000000     
   408.00000000000000        0.0000000000000000     
   408.50000000000000        0.0000000000000000     
   409.00000000000000        0.0000000000000000     
   409.50000000000000        0.0000000000000000     
   410.00000000000000        0.0000000000000000     
   410.50000000000000        0.0000000000000000     
   411.00000000000000        0.0000000000000000     
   411.50000000000000        0.0000000000000000     
   412.00000000000000        0.0000000000000000     
   412.50000000000000        0.0000000000000000     
   413.00000000000000        0.0000000000000000     
   413.50000000000000        0.0000000000000000     
   414.00000000000000        0.0000000000000000     
   414.50000000000000        0.0000000000000000     
   415.00000000000000        0.0000000000000000     
   415.50000000000000        0.0000000000000000     
   416.00000000000000        0.0000000000000000     
   416.50000000000000        0.0000000000000000     
   417.00000000000000        0.0000000000000000     
   417.50000000000000        0.0000000000000000     
   418.00000000000000        0.0000000000000000     
   418.50000000000000        0.0000000000000000     
   419.00000000000000        0.0000000000000000     
   419.50000000000000        0.0000000000000000     
   420.00000000000000        0.0000000000000000     
   420.50000000000000        0.0000000000000000     
   421.00000000000000        0.0000000000000000     
   421.50000000000000        0.0000000000000000     
   422.00000000000000        0.0000000000000000     
   422.50000000000000        0.0000000000000000     
   423.00000000000000        0.0000000000000000     
   423.50000000000000        0.0000000000000000     
   424.00000000000000        0.0000000000000000     
   424.50000000000000        0.0000000000000000     
   425.00000000000000        0.0000000000000000     
   425.50000000000000        0.0000000000000000     
   426.00000000000000        0.0000000000000000     
   426.50000000000000        0.0000000000000000     
   427.00000000000000        0.0000000000000000     
   427.50000000000000        0.0000000000000000     
   428.00000000000000        0.0000000000000000     
   428.50000000000000        0.0000000000000000     
   429.00000000000000        0.0000000000000000     
   429.50000000000000        0.0000000000000000     
   430.00000000000000        0.0000000000000000     
   430.50000000000000        0.0000000000000000     
   431.00000000000000        0.0000000000000000     
   431.50000000000000        0.0000000000000000     
   432.00000000000000        0.0000000000000000     
   432.50000000000000        0.0000000000000000     
   433.00000000000000        0.0000000000000000     
   433.50000000000000        0.0000000000000000     
   434.00000000000000        0.0000000000000000     
   434.50000000000000        0.0000000000000000     
   435.00000000000000        0.0000000000000000     
   435.50000000000000        0.0000000000000000     
   436.00000000000000        0.0000000000000000     
   436.50000000000000        0.0000000000000000     
   437.00000000000000        0.0000000000000000     
   437.50000000000000        0.0000000000000000     
   438.00000000000000        0.0000000000000000     
   438.50000000000000        0.0000000000000000     
   439.00000000000000        0.0000000000000000     
   439.50000000000000        0.0000000000000000     
   440.00000000000000        0.0000000000000000     
   440.50000000000000        0.0000000000000000     
   441.00000000000000        0.0000000000000000     
   441.50000000000000        0.0000000000000000     
   442.00000000000000        0.0000000000000000     
   442.50000000000000        0.0000000000000000     
   443.00000000000000        0.0000000000000000     
   443.50000000000000        0.0000000000000000     
   444.00000000000000        0.0000000000000000     
   444.50000000000000        0.0000000000000000     
   445.00000000000000        0.0000000000000000     
   445.50000000000000        0.0000000000000000     
   446.00000000000000        0.0000000000000000     
   446.50000000000000        0.0000000000000000     
   447.00000000000000        0.0000000000000000     
   447.50000000000000        0.0000000000000000     
   448.00000000000000        0.0000000000000000     
   448.50000000000000        0.0000000000000000     
   449.00000000000000        0.0000000000000000     
   449.50000000000000        0.0000000000000000     
   450.00000000000000        0.0000000000000000     
   450.50000000000000        0.0000000000000000     
   451.00000000000000        0.0000000000000000     
   451.50000000000000        0.0000000000000000     
   452.00000000000000        0.0000000000000000     
   452.50000000000000        0.0000000000000000     
   453.00000000000000        0.0000000000000000     
   453.50000000000000        0.0000000000000000     
   454.00000000000000        0.0000000000000000     
   454.50000000000000        0.0000000000000000     
   455.00000000000000        0.0000000000000000     
   455.50000000000000        0.0000000000000000     
   456.00000000000000        0.0000000000000000     
   456.50000000000000        0.0000000000000000     
   457.00000000000000        0.0000000000000000     
   457.50000000000000        0.0000000000000000     
   458.00000000000000        0.0000000000000000     
   458.50000000000000        0.0000000000000000     
   459.00000000000000        0.0000000000000000     
   459.50000000000000        0.0000000000000000     
   460.00000000000000        0.0000000000000000     
   460.50000000000000        0.0000000000000000     
   461.00000000000000        0.0000000000000000     
   461.50000000000000        0.0000000000000000     
   462.00000000000000        0.0000000000000000     
   462.50000000000000        0.0000000000000000     
   463.00000000000000        0.0000000000000000     
   463.50000000000000        0.0000000000000000     
   464.00000000000000        0.0000000000000000     
   464.50000000000000        0.0000000000000000     
   465.00000000000000        0.0000000000000000     
   465.50000000000000        0.0000000000000000     
   466.00000000000000        0.0000000000000000     
   466.50000000000000        0.0000000000000000     
   467.00000000000000        0.0000000000000000     
   467.50000000000000        0.0000000000000000     
   468.00000000000000        0.0000000000000000     
   468.50000000000000        0.0000000000000000     
   469.00000000000000        0.0000000000000000     
   469.50000000000000        0.0000000000000000     
   470.00000000000000        0.0000000000000000     
   470.50000000000000        0.0000000000000000     
   471.00000000000000        0.0000000000000000     
   471.50000000000000        0.0000000000000000     
   472.00000000000000        0.0000000000000000     
   472.50000000000000        0.0000000000000000     
   473.00000000000000        0.0000000000000000     
   473.50000000000000        0.0000000000000000     
   474.00000000000000        0.0000000000000000     
   474.50000000000000        0.0000000000000000     
   475.00000000000000        0.0000000000000000     
   475.50000000000000        0.0000000000000000     
   476.00000000000000        0.0000000000000000     
   476.50000000000000        0.0000000000000000     
   477.00000000000000        0.0000000000000000     
   477.50000000000000        0.0000000000000000     
   478.00000000000000        0.0000000000000000     
   478.50000000000000        0.0000000000000000     
   479.00000000000000        0.0000000000000000     
   479.50000000000000        0.0000000000000000     
   480.00000000000000        0.0000000000000000     
   480.50000000000000        0.0000000000000000     
   481.00000000000000        0.0000000000000000     
   481.50000000000000        0.0000000000000000     
   482.00000000000000        0.0000000000000000     
   482.50000000000000        0.0000000000000000     
   483.00000000000000        0.0000000000000000     
   483.50000000000000        0.0000000000000000     
   484.00000000000000        0.0000000000000000     
   484.50000000000000        0.0000000000000000     
   485.00000000000000        0.0000000000000000     
   485.50000000000000        0.0000000000000000     
   486.00000000000000        0.0000000000000000     
   486.50000000000000        0.0000000000000000     
   487.00000000000000        0.0000000000000000     
   487.50000000000000        0.0000000000000000     
   488.00000000000000        0.0000000000000000     
   488.50000000000000        0.0000000000000000     
   489.00000000000000        0.0000000000000000     
   489.50000000000000        0.0000000000000000     
   490.00000000000000        0.0000000000000000     
   490.50000000000000        0.0000000000000000     
   491.00000000000000        0.0000000000000000     
   491.50000000000000        0.0000000000000000     
   492.00000000000000        0.0000000000000000     
   492.50000000000000        0.0000000000000000     
   493.00000000000000        0.0000000000000000     
   493.50000000000000        0.0000000000000000     
   494.00000000000000        0.0000000000000000     
   494.50000000000000        0.0000000000000000     
   495.00000000000000        0.0000000000000000     
   495.50000000000000        0.0000000000000000     
   496.00000000000000        0.0000000000000000     
   496.50000000000000        0.0000000000000000     
   497.00000000000000        0.0000000000000000     
   497.50000000000000        0.0000000000000000     
   498.00000000000000        0.0000000000000000     
   498.50000000000000        0.0000000000000000     
   499.00000000000000        0.0000000000000000     
   499.50000000000000        0.0000000000000000     
   500.00000000000000        0.0000000000000000     
