   0.0000000000000000        0.0000000000000000     
  0.50000000000000000        0.0000000000000000     
   1.0000000000000000        0.0000000000000000     
   1.5000000000000000        0.0000000000000000     
   2.0000000000000000        0.0000000000000000     
   2.5000000000000000        0.0000000000000000     
   3.0000000000000000        0.0000000000000000     
   3.5000000000000000        0.0000000000000000     
   4.0000000000000000        0.0000000000000000     
   4.5000000000000000        0.0000000000000000     
   5.0000000000000000        0.0000000000000000     
   5.5000000000000000        0.0000000000000000     
   6.0000000000000000        0.0000000000000000     
   6.5000000000000000        0.0000000000000000     
   7.0000000000000000        0.0000000000000000     
   7.5000000000000000        0.0000000000000000     
   8.0000000000000000        0.0000000000000000     
   8.5000000000000000        0.0000000000000000     
   9.0000000000000000        0.0000000000000000     
   9.5000000000000000        0.0000000000000000     
   10.000000000000000        0.0000000000000000     
   10.500000000000000        0.0000000000000000     
   11.000000000000000        0.0000000000000000     
   11.500000000000000        0.0000000000000000     
   12.000000000000000        0.0000000000000000     
   12.500000000000000        0.0000000000000000     
   13.000000000000000        0.0000000000000000     
   13.500000000000000        0.0000000000000000     
   14.000000000000000        0.0000000000000000     
   14.500000000000000        0.0000000000000000     
   15.000000000000000        0.0000000000000000     
   15.500000000000000        0.0000000000000000     
   16.000000000000000        0.0000000000000000     
   16.500000000000000        0.0000000000000000     
   17.000000000000000        0.0000000000000000     
   17.500000000000000        0.0000000000000000     
   18.000000000000000        0.0000000000000000     
   18.500000000000000        0.0000000000000000     
   19.000000000000000        0.0000000000000000     
   19.500000000000000        0.0000000000000000     
   20.000000000000000        0.0000000000000000     
   20.500000000000000        0.0000000000000000     
   21.000000000000000        0.0000000000000000     
   21.500000000000000        0.0000000000000000     
   22.000000000000000        0.0000000000000000     
   22.500000000000000        0.0000000000000000     
   23.000000000000000        0.0000000000000000     
   23.500000000000000        0.0000000000000000     
   24.000000000000000        0.0000000000000000     
   24.500000000000000        0.0000000000000000     
   25.000000000000000        0.0000000000000000     
   25.500000000000000        0.0000000000000000     
   26.000000000000000        0.0000000000000000     
   26.500000000000000        0.0000000000000000     
   27.000000000000000        0.0000000000000000     
   27.500000000000000        0.0000000000000000     
   28.000000000000000        0.0000000000000000     
   28.500000000000000        0.0000000000000000     
   29.000000000000000        0.0000000000000000     
   29.500000000000000        0.0000000000000000     
   30.000000000000000        0.0000000000000000     
   30.500000000000000        0.0000000000000000     
   31.000000000000000        0.0000000000000000     
   31.500000000000000        0.0000000000000000     
   32.000000000000000        0.0000000000000000     
   32.500000000000000        0.0000000000000000     
   33.000000000000000        0.0000000000000000     
   33.500000000000000        0.0000000000000000     
   34.000000000000000        0.0000000000000000     
   34.500000000000000        0.0000000000000000     
   35.000000000000000        0.0000000000000000     
   35.500000000000000        0.0000000000000000     
   36.000000000000000        0.0000000000000000     
   36.500000000000000        0.0000000000000000     
   37.000000000000000        0.0000000000000000     
   37.500000000000000        0.0000000000000000     
   38.000000000000000        0.0000000000000000     
   38.500000000000000        0.0000000000000000     
   39.000000000000000        0.0000000000000000     
   39.500000000000000        0.0000000000000000     
   40.000000000000000        0.0000000000000000     
   40.500000000000000        0.0000000000000000     
   41.000000000000000        0.0000000000000000     
   41.500000000000000        0.0000000000000000     
   42.000000000000000        0.0000000000000000     
   42.500000000000000        0.0000000000000000     
   43.000000000000000        0.0000000000000000     
   43.500000000000000        0.0000000000000000     
   44.000000000000000        0.0000000000000000     
   44.500000000000000        0.0000000000000000     
   45.000000000000000        0.0000000000000000     
   45.500000000000000        0.0000000000000000     
   46.000000000000000        0.0000000000000000     
   46.500000000000000        0.0000000000000000     
   47.000000000000000        0.0000000000000000     
   47.500000000000000        0.0000000000000000     
   48.000000000000000        0.0000000000000000     
   48.500000000000000        0.0000000000000000     
   49.000000000000000        0.0000000000000000     
   49.500000000000000        0.0000000000000000     
   50.000000000000000        0.0000000000000000     
   50.500000000000000        0.0000000000000000     
   51.000000000000000        0.0000000000000000     
   51.500000000000000        0.0000000000000000     
   52.000000000000000        0.0000000000000000     
   52.500000000000000        0.0000000000000000     
   53.000000000000000        0.0000000000000000     
   53.500000000000000        0.0000000000000000     
   54.000000000000000        0.0000000000000000     
   54.500000000000000        0.0000000000000000     
   55.000000000000000        0.0000000000000000     
   55.500000000000000        0.0000000000000000     
   56.000000000000000        0.0000000000000000     
   56.500000000000000        0.0000000000000000     
   57.000000000000000        0.0000000000000000     
   57.500000000000000        0.0000000000000000     
   58.000000000000000        0.0000000000000000     
   58.500000000000000        0.0000000000000000     
   59.000000000000000        0.0000000000000000     
   59.500000000000000        0.0000000000000000     
   60.000000000000000        0.0000000000000000     
   60.500000000000000        0.0000000000000000     
   61.000000000000000        0.0000000000000000     
   61.500000000000000        0.0000000000000000     
   62.000000000000000        0.0000000000000000     
   62.500000000000000        0.0000000000000000     
   63.000000000000000        0.0000000000000000     
   63.500000000000000        0.0000000000000000     
   64.000000000000000        0.0000000000000000     
   64.500000000000000        0.0000000000000000     
   65.000000000000000        0.0000000000000000     
   65.500000000000000        0.0000000000000000     
   66.000000000000000        0.0000000000000000     
   66.500000000000000        0.0000000000000000     
   67.000000000000000        0.0000000000000000     
   67.500000000000000        0.0000000000000000     
   68.000000000000000        0.0000000000000000     
   68.500000000000000        0.0000000000000000     
   69.000000000000000        0.0000000000000000     
   69.500000000000000        0.0000000000000000     
   70.000000000000000        0.0000000000000000     
   70.500000000000000        0.0000000000000000     
   71.000000000000000        0.0000000000000000     
   71.500000000000000        0.0000000000000000     
   72.000000000000000        0.0000000000000000     
   72.500000000000000        0.0000000000000000     
   73.000000000000000        0.0000000000000000     
   73.500000000000000        0.0000000000000000     
   74.000000000000000        0.0000000000000000     
   74.500000000000000        0.0000000000000000     
   75.000000000000000        0.0000000000000000     
   75.500000000000000        0.0000000000000000     
   76.000000000000000        0.0000000000000000     
   76.500000000000000        0.0000000000000000     
   77.000000000000000        0.0000000000000000     
   77.500000000000000        0.0000000000000000     
   78.000000000000000        0.0000000000000000     
   78.500000000000000        0.0000000000000000     
   79.000000000000000        0.0000000000000000     
   79.500000000000000        0.0000000000000000     
   80.000000000000000        0.0000000000000000     
   80.500000000000000        0.0000000000000000     
   81.000000000000000        0.0000000000000000     
   81.500000000000000        0.0000000000000000     
   82.000000000000000        0.0000000000000000     
   82.500000000000000        0.0000000000000000     
   83.000000000000000        0.0000000000000000     
   83.500000000000000        0.0000000000000000     
   84.000000000000000        0.0000000000000000     
   84.500000000000000        0.0000000000000000     
   85.000000000000000        0.0000000000000000     
   85.500000000000000        0.0000000000000000     
   86.000000000000000        0.0000000000000000     
   86.500000000000000        0.0000000000000000     
   87.000000000000000        0.0000000000000000     
   87.500000000000000        0.0000000000000000     
   88.000000000000000        0.0000000000000000     
   88.500000000000000        0.0000000000000000     
   89.000000000000000        0.0000000000000000     
   89.500000000000000        0.0000000000000000     
   90.000000000000000        0.0000000000000000     
   90.500000000000000        0.0000000000000000     
   91.000000000000000        0.0000000000000000     
   91.500000000000000        0.0000000000000000     
   92.000000000000000        0.0000000000000000     
   92.500000000000000        0.0000000000000000     
   93.000000000000000        0.0000000000000000     
   93.500000000000000        0.0000000000000000     
   94.000000000000000        0.0000000000000000     
   94.500000000000000        0.0000000000000000     
   95.000000000000000        0.0000000000000000     
   95.500000000000000        0.0000000000000000     
   96.000000000000000        0.0000000000000000     
   96.500000000000000        0.0000000000000000     
   97.000000000000000        0.0000000000000000     
   97.500000000000000        0.0000000000000000     
   98.000000000000000        0.0000000000000000     
   98.500000000000000        0.0000000000000000     
   99.000000000000000        0.0000000000000000     
   99.500000000000000        0.0000000000000000     
   100.00000000000000        0.0000000000000000     
   100.50000000000000        0.0000000000000000     
   101.00000000000000        0.0000000000000000     
   101.50000000000000        0.0000000000000000     
   102.00000000000000        0.0000000000000000     
   102.50000000000000        0.0000000000000000     
   103.00000000000000        0.0000000000000000     
   103.50000000000000        0.0000000000000000     
   104.00000000000000        0.0000000000000000     
   104.50000000000000        0.0000000000000000     
   105.00000000000000        0.0000000000000000     
   105.50000000000000        0.0000000000000000     
   106.00000000000000        0.0000000000000000     
   106.50000000000000        0.0000000000000000     
   107.00000000000000        0.0000000000000000     
   107.50000000000000        0.0000000000000000     
   108.00000000000000        0.0000000000000000     
   108.50000000000000        0.0000000000000000     
   109.00000000000000        0.0000000000000000     
   109.50000000000000        0.0000000000000000     
   110.00000000000000        0.0000000000000000     
   110.50000000000000        0.0000000000000000     
   111.00000000000000        0.0000000000000000     
   111.50000000000000        0.0000000000000000     
   112.00000000000000        0.0000000000000000     
   112.50000000000000        0.0000000000000000     
   113.00000000000000        0.0000000000000000     
   113.50000000000000        0.0000000000000000     
   114.00000000000000        0.0000000000000000     
   114.50000000000000        0.0000000000000000     
   115.00000000000000        0.0000000000000000     
   115.50000000000000        0.0000000000000000     
   116.00000000000000        0.0000000000000000     
   116.50000000000000        0.0000000000000000     
   117.00000000000000        0.0000000000000000     
   117.50000000000000        0.0000000000000000     
   118.00000000000000        0.0000000000000000     
   118.50000000000000        0.0000000000000000     
   119.00000000000000        0.0000000000000000     
   119.50000000000000        0.0000000000000000     
   120.00000000000000        0.0000000000000000     
   120.50000000000000        0.0000000000000000     
   121.00000000000000        0.0000000000000000     
   121.50000000000000        0.0000000000000000     
   122.00000000000000        0.0000000000000000     
   122.50000000000000        0.0000000000000000     
   123.00000000000000        0.0000000000000000     
   123.50000000000000        0.0000000000000000     
   124.00000000000000        0.0000000000000000     
   124.50000000000000        0.0000000000000000     
   125.00000000000000        0.0000000000000000     
   125.50000000000000        0.0000000000000000     
   126.00000000000000        0.0000000000000000     
   126.50000000000000        0.0000000000000000     
   127.00000000000000        0.0000000000000000     
   127.50000000000000        0.0000000000000000     
   128.00000000000000        0.0000000000000000     
   128.50000000000000        0.0000000000000000     
   129.00000000000000        0.0000000000000000     
   129.50000000000000        0.0000000000000000     
   130.00000000000000        0.0000000000000000     
   130.50000000000000        0.0000000000000000     
   131.00000000000000        0.0000000000000000     
   131.50000000000000        0.0000000000000000     
   132.00000000000000        0.0000000000000000     
   132.50000000000000        0.0000000000000000     
   133.00000000000000        0.0000000000000000     
   133.50000000000000        0.0000000000000000     
   134.00000000000000        0.0000000000000000     
   134.50000000000000        0.0000000000000000     
   135.00000000000000        0.0000000000000000     
   135.50000000000000        0.0000000000000000     
   136.00000000000000        0.0000000000000000     
   136.50000000000000        0.0000000000000000     
   137.00000000000000        0.0000000000000000     
   137.50000000000000        0.0000000000000000     
   138.00000000000000        0.0000000000000000     
   138.50000000000000        0.0000000000000000     
   139.00000000000000        0.0000000000000000     
   139.50000000000000        0.0000000000000000     
   140.00000000000000        0.0000000000000000     
   140.50000000000000        0.0000000000000000     
   141.00000000000000        0.0000000000000000     
   141.50000000000000        0.0000000000000000     
   142.00000000000000        0.0000000000000000     
   142.50000000000000        0.0000000000000000     
   143.00000000000000        0.0000000000000000     
   143.50000000000000        0.0000000000000000     
   144.00000000000000        0.0000000000000000     
   144.50000000000000        0.0000000000000000     
   145.00000000000000        0.0000000000000000     
   145.50000000000000        0.0000000000000000     
   146.00000000000000        0.0000000000000000     
   146.50000000000000        0.0000000000000000     
   147.00000000000000        0.0000000000000000     
   147.50000000000000        0.0000000000000000     
   148.00000000000000        0.0000000000000000     
   148.50000000000000        0.0000000000000000     
   149.00000000000000        0.0000000000000000     
   149.50000000000000        0.0000000000000000     
   150.00000000000000        0.0000000000000000     
   150.50000000000000        0.0000000000000000     
   151.00000000000000        0.0000000000000000     
   151.50000000000000        0.0000000000000000     
   152.00000000000000        0.0000000000000000     
   152.50000000000000        0.0000000000000000     
   153.00000000000000       -1.3877787807814457E-017
   153.50000000000000       -2.7755575615628914E-017
   154.00000000000000       -9.7144514654701197E-017
   154.50000000000000       -2.0816681711721685E-016
   155.00000000000000       -5.2735593669694936E-016
   155.50000000000000       -1.2212453270876722E-015
   156.00000000000000       -2.8588242884097781E-015
   156.50000000000000       -6.5503158452884236E-015
   157.00000000000000       -1.4876988529977098E-014
   157.50000000000000       -3.3389957465601583E-014
   158.00000000000000       -7.4135142469344828E-014
   158.50000000000000       -1.6288359550031828E-013
   159.00000000000000       -3.5409175591638586E-013
   159.50000000000000       -7.6165462825628083E-013
   160.00000000000000       -1.6209950048917676E-012
   160.50000000000000       -3.4134917115125063E-012
   161.00000000000000       -7.1119637956584825E-012
   161.50000000000000       -1.4660647695841078E-011
   162.00000000000000       -2.9900568132568139E-011
   162.50000000000000       -6.0334098828107585E-011
   163.00000000000000       -1.2044643060704630E-010
   163.50000000000000       -2.3788386538381445E-010
   164.00000000000000       -4.6480096160816942E-010
   164.50000000000000       -8.9844397199723147E-010
   165.00000000000000       -1.7180166594910062E-009
   165.50000000000000       -3.2498718993689835E-009
   166.00000000000000       -6.0813114960422965E-009
   166.50000000000000       -1.1256660964464871E-008
   167.00000000000000       -2.0610662301856486E-008
   167.50000000000000       -3.7327810634146807E-008
   168.00000000000000       -6.6868091591620882E-008
   168.50000000000000       -1.1847813989607214E-007
   169.00000000000000       -2.0762365850190978E-007
   169.50000000000000       -3.5984919005693783E-007
   170.00000000000000       -6.1681418904446783E-007
   170.50000000000000       -1.0455928931701886E-006
   171.00000000000000       -1.7527857421456572E-006
   171.50000000000000       -2.9055986436044012E-006
   172.00000000000000       -4.7628260550075519E-006
   172.50000000000000       -7.7196366284337792E-006
   173.00000000000000       -1.2371196838237286E-005
   173.50000000000000       -1.9601434108007521E-005
   174.00000000000000       -3.0704539230277939E-005
   174.50000000000000       -4.7547968429345611E-005
   175.00000000000000       -7.2786466017063511E-005
   175.50000000000000       -1.1013661934676511E-004
   176.00000000000000       -1.6472019661878390E-004
   176.50000000000000       -2.4348142516909810E-004
   177.00000000000000       -3.5567780851943065E-004
   177.50000000000000       -5.1343544632498350E-004
   178.00000000000000       -7.3234765689049464E-004
   178.50000000000000       -1.0320798778274132E-003
   179.00000000000000       -1.4369247455892215E-003
   179.50000000000000       -1.9762301038286911E-003
   180.00000000000000       -2.6846016067299389E-003
   180.50000000000000       -3.6017637936766322E-003
   181.00000000000000       -4.7719532784980673E-003
   181.50000000000000       -6.2427200215031953E-003
   182.00000000000000       -8.0630326592387030E-003
   182.50000000000000       -1.0280625837781970E-002
   183.00000000000000       -1.2938593614023691E-002
   183.50000000000000       -1.6071321958466014E-002
   184.00000000000000       -1.9699959229743089E-002
   184.50000000000000       -2.3827734914236703E-002
   185.00000000000000       -2.8435537778166542E-002
   185.50000000000000       -3.3478235628394762E-002
   186.00000000000000       -3.8882241012794749E-002
   186.50000000000000       -4.4544785647041799E-002
   187.00000000000000       -5.0335255051670871E-002
   187.50000000000000       -5.6098759656389233E-002
   188.00000000000000       -6.1661898134089468E-002
   188.50000000000000       -6.6840432274827319E-002
   189.00000000000000       -7.1448375143773099E-002
   189.50000000000000       -7.5307828992675227E-002
   190.00000000000000       -7.8258821374832824E-002
   190.50000000000000       -8.0168388568132978E-002
   191.00000000000000       -8.0938240793537133E-002
   191.50000000000000       -8.0510496315518335E-002
   192.00000000000000       -7.8871164907214866E-002
   192.50000000000000       -7.6051266040982710E-002
   193.00000000000000       -7.2125657001856344E-002
   193.50000000000000       -6.7209801263799288E-002
   194.00000000000000       -6.1454817001097645E-002
   194.50000000000000       -5.5041207122118053E-002
   195.00000000000000       -4.8171690079274909E-002
   195.50000000000000       -4.1063533624744381E-002
   196.00000000000000       -3.3940752207777924E-002
   196.50000000000000       -2.7026473268147930E-002
   197.00000000000000       -2.0535717220286187E-002
   197.50000000000000       -1.4668777255862936E-002
   198.00000000000000       -9.6053327645310715E-003
   198.50000000000000       -5.4993866867153740E-003
   199.00000000000000       -2.4750833327777388E-003
   199.50000000000000       -6.2343880208275138E-004
   200.00000000000000        4.1633363423443370E-017
   200.50000000000000        6.2343880208283464E-004
   201.00000000000000        2.4750833327778221E-003
   201.50000000000000        5.4993866867154573E-003
   202.00000000000000        9.6053327645311548E-003
   202.50000000000000        1.4668777255863019E-002
   203.00000000000000        2.0535717220286270E-002
   203.50000000000000        2.7026473268147999E-002
   204.00000000000000        3.3940752207777994E-002
   204.50000000000000        4.1063533624744464E-002
   205.00000000000000        4.8171690079274979E-002
   205.50000000000000        5.5041207122118116E-002
   206.00000000000000        6.1454817001097714E-002
   206.50000000000000        6.7209801263799343E-002
   207.00000000000000        7.2125657001856400E-002
   207.50000000000000        7.6051266040982765E-002
   208.00000000000000        7.8871164907214894E-002
   208.50000000000000        8.0510496315518418E-002
   209.00000000000000        8.0938240793537161E-002
   209.50000000000000        8.0168388568133020E-002
   210.00000000000000        7.8258821374832824E-002
   210.50000000000000        7.5307828992675269E-002
   211.00000000000000        7.1448375143773099E-002
   211.50000000000000        6.6840432274827360E-002
   212.00000000000000        6.1661898134089475E-002
   212.50000000000000        5.6098759656389274E-002
   213.00000000000000        5.0335255051670885E-002
   213.50000000000000        4.4544785647041805E-002
   214.00000000000000        3.8882241012794770E-002
   214.50000000000000        3.3478235628394783E-002
   215.00000000000000        2.8435537778166566E-002
   215.50000000000000        2.3827734914236731E-002
   216.00000000000000        1.9699959229743116E-002
   216.50000000000000        1.6071321958466042E-002
   217.00000000000000        1.2938593614023709E-002
   217.50000000000000        1.0280625837781988E-002
   218.00000000000000        8.0630326592387239E-003
   218.50000000000000        6.2427200215031996E-003
   219.00000000000000        4.7719532784980950E-003
   219.50000000000000        3.6017637936766431E-003
   220.00000000000000        2.6846016067299597E-003
   220.50000000000000        1.9762301038287007E-003
   221.00000000000000        1.4369247455892449E-003
   221.50000000000000        1.0320798778274344E-003
   222.00000000000000        7.3234765689050981E-004
   222.50000000000000        5.1343544632500508E-004
   223.00000000000000        3.5567780851944865E-004
   223.50000000000000        2.4348142516912309E-004
   224.00000000000000        1.6472019661880401E-004
   224.50000000000000        1.1013661934678869E-004
   225.00000000000000        7.2786466017076007E-005
   225.50000000000000        4.7547968429364544E-005
   226.00000000000000        3.0704539230283908E-005
   226.50000000000000        1.9601434108024546E-005
   227.00000000000000        1.2371196838234948E-005
   227.50000000000000        7.7196366284565711E-006
   228.00000000000000        4.7628260550134582E-006
   228.50000000000000        2.9055986436183625E-006
   229.00000000000000        1.7527857421499876E-006
   229.50000000000000        1.0455928931811119E-006
   230.00000000000000        6.1681418905492901E-007
   230.50000000000000        3.5984919006011632E-007
   231.00000000000000        2.0762365852130313E-007
   231.50000000000000        1.1847813990037981E-007
   232.00000000000000        6.6868091612179139E-008
   232.50000000000000        3.7327810640879244E-008
   233.00000000000000        2.0610662327860689E-008
   233.50000000000000        1.1256660972863242E-008
   234.00000000000000        6.0813115183198635E-009
   234.50000000000000        3.2498719013818295E-009
   235.00000000000000        1.7180166764127672E-009
   235.50000000000000        8.9844397407720297E-010
   236.00000000000000        4.6480098151208110E-010
   236.50000000000000        2.3788386817683787E-010
   237.00000000000000        1.2044644495984014E-010
   237.50000000000000        6.0334090684366842E-011
   238.00000000000000        2.9900589690673056E-011
   238.50000000000000        1.4660642592800983E-011
   239.00000000000000        7.1119761727024917E-012
   239.50000000000000        3.4134934909551514E-012
   240.00000000000000        1.6210131902840755E-012
   240.50000000000000        7.6165731662923026E-013
   241.00000000000000        3.5409920330207675E-013
   241.50000000000000        1.6288795166325393E-013
   242.00000000000000        7.4140898418055451E-014
   242.50000000000000        3.3391625870151558E-014
   243.00000000000000        1.4881060620859657E-014
   243.50000000000000        6.5622438498357836E-015
   244.00000000000000        2.8635078035480990E-015
   244.50000000000000        1.2364515189477683E-015
   245.00000000000000        5.2831573052028971E-016
   245.50000000000000        2.2338425798567574E-016
   246.00000000000000        9.3467114918782784E-017
   246.50000000000000        3.8700521154195244E-017
   247.00000000000000        1.5857339552301787E-017
   247.50000000000000        6.4298351711731784E-018
   248.00000000000000        2.5799053614311694E-018
   248.50000000000000        1.0239331840811738E-018
   249.00000000000000        4.0088465215498211E-019
   249.50000000000000        1.5192549705122003E-019
   250.00000000000000        4.8064057368685617E-020
   250.50000000000000        1.4991750792154170E-020
   251.00000000000000        4.6105234405452143E-021
   251.50000000000000        1.3980979281577204E-021
   252.00000000000000        4.1805910263441569E-022
   252.50000000000000        1.2327457235517842E-022
   253.00000000000000        3.5848236068732814E-023
   253.50000000000000        1.0281181488747796E-023
   254.00000000000000        2.9081810582891668E-024
   254.50000000000000        8.1138135518498522E-025
   255.00000000000000        2.2329320846356058E-025
   255.50000000000000        6.0616996341007799E-026
   256.00000000000000        1.6233156725148013E-026
   256.50000000000000        4.2886662227030442E-027
   257.00000000000000        1.1178229018526241E-027
   257.50000000000000        2.8745893442480319E-028
   258.00000000000000        7.2937522263167486E-029
   258.50000000000000        1.8260753521873890E-029
   259.00000000000000        4.5112693780838567E-030
   259.50000000000000        1.0997927828889855E-030
   260.00000000000000        2.6459062383696025E-031
   260.50000000000000        6.2821563104620129E-032
   261.00000000000000        1.4720844865207237E-032
   261.50000000000000        3.4045932672597014E-033
   262.00000000000000        7.7718573045047809E-034
   262.50000000000000        1.7511762213960454E-034
   263.00000000000000        3.8949195898739093E-035
   263.50000000000000        8.5516261192158886E-036
   264.00000000000000        1.8535240509178753E-036
   264.50000000000000        3.9661085991179151E-037
   265.00000000000000        8.3784787984046605E-038
   265.50000000000000        1.7474996073181908E-038
   266.00000000000000        3.5986306949980264E-039
   266.50000000000000        7.3171591384335266E-040
   267.00000000000000        1.4690930319841377E-040
   267.50000000000000        2.9125543097760842E-041
   268.00000000000000        5.7020742220082418E-042
   268.50000000000000        1.1024065253248284E-042
   269.00000000000000        2.1048276795686722E-043
   269.50000000000000        3.9689239655295331E-044
   270.00000000000000        7.3913860822078669E-045
   270.50000000000000        1.3595372264014138E-045
   271.00000000000000        2.4699233508997494E-046
   271.50000000000000        4.4321849371103778E-047
   272.00000000000000        7.8561358817629453E-048
   272.50000000000000        1.3755339973244369E-048
   273.00000000000000        2.3791358353192392E-049
   273.50000000000000        4.0650592552978310E-050
   274.00000000000000        6.8616450394562530E-051
   274.50000000000000        1.1442400976577433E-051
   275.00000000000000        1.8851559335373136E-052
   275.50000000000000        3.0685420902467147E-053
   276.00000000000000        4.9349743591995138E-054
   276.50000000000000        7.8418563900782297E-055
   277.00000000000000        1.2312522385698104E-055
   277.50000000000000        1.9102146928954661E-056
   278.00000000000000        2.9284445538367053E-057
   278.50000000000000        4.4363318568224003E-058
   279.00000000000000        6.6413383352479887E-059
   279.50000000000000        9.8252577975370288E-060
   280.00000000000000        1.4364851139691764E-060
   280.50000000000000        2.0755779031791378E-061
   281.00000000000000        2.9639402031483436E-062
   281.50000000000000        4.1831548051849196E-063
   282.00000000000000        5.8351765328166862E-064
   282.50000000000000        8.0450906965291654E-065
   283.00000000000000        1.0963417376458317E-065
   283.50000000000000        1.4767604212949204E-066
   284.00000000000000        1.9662291390071868E-067
   284.50000000000000        2.5877895514295503E-068
   285.00000000000000        3.3667056253999226E-069
   285.50000000000000        4.3298532837195263E-070
   286.00000000000000        5.5048236761304151E-071
   286.50000000000000        6.9187248315941686E-072
   287.00000000000000        8.5966887681412369E-073
   287.50000000000000        1.0560118857424851E-073
   288.00000000000000        1.2824743693014063E-074
   288.50000000000000        1.5398576329184738E-075
   289.00000000000000        1.8279908209607748E-076
   289.50000000000000        2.1455491564710319E-077
   290.00000000000000        2.4899078598717523E-078
   290.50000000000000        2.8570486893573280E-079
   291.00000000000000        3.2415345555176210E-080
   291.50000000000000        3.6365644599913211E-081
   292.00000000000000        4.0341161650997389E-082
   292.50000000000000        4.4251777941946380E-083
   293.00000000000000        4.8000624632046682E-084
   293.50000000000000        5.1487926866071820E-085
   294.00000000000000        5.4615344199779463E-086
   294.50000000000000        5.7290549487509054E-087
   295.00000000000000        5.9431750869853760E-088
   295.50000000000000        6.0971848244877555E-089
   296.00000000000000        6.1861929302181404E-090
   296.50000000000000        6.2073850729492810E-091
   297.00000000000000        6.1601714473937939E-092
   297.50000000000000        6.0462131160602629E-093
   298.00000000000000        5.8693255080894605E-094
   298.50000000000000        5.6352668556805671E-095
   299.00000000000000        5.3514278881836436E-096
   299.50000000000000        5.0264460349596321E-097
   300.00000000000000        4.6697720946724121E-098
   300.50000000000000        4.2912194530392451E-099
   301.00000000000000        3.9005254043334830E-100
   301.50000000000000        3.5069511668038723E-101
   302.00000000000000        3.1189422308826202E-102
   302.50000000000000        2.7438643644158385E-103
   303.00000000000000        2.3878236299381248E-104
   303.50000000000000        2.0555718522438510E-105
   304.00000000000000        1.7504927365399229E-106
   304.50000000000000        1.4746587633797875E-107
   305.00000000000000        1.2289453837074195E-108
   305.50000000000000        1.0131870247239370E-109
   306.00000000000000        8.2635893902090466E-111
   306.50000000000000        6.6676978679222172E-112
   307.00000000000000        5.3225173644844390E-113
   307.50000000000000        4.2033745476040854E-114
   308.00000000000000        3.2841628150762670E-115
   308.50000000000000        2.5386482704016786E-116
   309.00000000000000        1.9414993657021642E-117
   309.50000000000000        1.4690425037955535E-118
   310.00000000000000        1.0997635115321707E-119
   310.50000000000000        8.1458697252761791E-121
   311.00000000000000        5.9697221928160756E-122
   311.50000000000000        4.3286703586384001E-123
   312.00000000000000        3.1055876542715542E-124
   312.50000000000000        2.2045859443267327E-125
   313.00000000000000        1.5484930204124830E-126
   313.50000000000000        1.0762059429999513E-127
   314.00000000000000        7.4009983421328172E-129
   314.50000000000000        5.0361518714501510E-130
   315.00000000000000        3.3909833405632385E-131
   315.50000000000000        2.2593082591047102E-132
   316.00000000000000        1.4895425836252135E-133
   316.50000000000000        9.7176778101173717E-135
   317.00000000000000        6.2734823738831430E-136
   317.50000000000000        4.0077063605680283E-137
   318.00000000000000        2.5335441702175530E-138
   318.50000000000000        1.5849323464035446E-139
   319.00000000000000        9.8117588619241210E-141
   319.50000000000000        6.0109215330426761E-142
   320.00000000000000        3.6441598009117176E-143
   320.50000000000000        2.1863514631811062E-144
   321.00000000000000        1.2981137259707097E-145
   321.50000000000000        7.6274547462452032E-147
   322.00000000000000        4.4353157883973079E-148
   322.50000000000000        2.5524149681642756E-149
   323.00000000000000        1.4536625895324744E-150
   323.50000000000000        8.1934206163993670E-152
   324.00000000000000        4.5704593319273167E-153
   324.50000000000000        2.5231961502029240E-154
   325.00000000000000        1.3786127627091530E-155
   325.50000000000000        7.4548205257157487E-157
   326.00000000000000        3.9896900181328973E-158
   326.50000000000000        2.1132534069532693E-159
   327.00000000000000        1.1078419614068605E-160
   327.50000000000000        5.7480581269437009E-162
   328.00000000000000        2.9517858655360459E-163
   328.50000000000000        1.5002792574507426E-164
   329.00000000000000        7.5472037250713194E-166
   329.50000000000000        3.7577671112542608E-167
   330.00000000000000        1.8518530832755204E-168
   330.50000000000000        9.0327313126531519E-170
   331.00000000000000        4.3608436857901695E-171
   331.50000000000000        2.0838369640839071E-172
   332.00000000000000        9.8560211425125591E-174
   332.50000000000000        4.6141002295665004E-175
   333.00000000000000        2.1380739667264749E-176
   333.50000000000000        9.8064424225669409E-178
   334.00000000000000        4.4520087199335412E-179
   334.50000000000000        2.0005940151775537E-180
   335.00000000000000        8.8986266921994202E-182
   335.50000000000000        3.9178757827726278E-183
   336.00000000000000        1.7074364047129201E-184
   336.50000000000000        7.3655828716475114E-186
   337.00000000000000        3.1451465216159429E-187
   337.50000000000000        1.3293772911307826E-188
   338.00000000000000        5.5620083153170629E-190
   338.50000000000000        2.3035273521874018E-191
   339.00000000000000        9.4435610988818505E-193
   339.50000000000000        3.8323148357450067E-194
   340.00000000000000        1.5394719446346282E-195
   340.50000000000000        6.1216684076036827E-197
   341.00000000000000        2.4096691950561085E-198
   341.50000000000000        9.3893773644137402E-200
   342.00000000000000        3.6216794973651918E-201
   342.50000000000000        1.3828630171569881E-202
   343.00000000000000        5.2269251164431278E-204
   343.50000000000000        1.9557501460815196E-205
   344.00000000000000        7.2440663216284394E-207
   344.50000000000000        2.6561669075552661E-208
   345.00000000000000        9.6412671223365368E-210
   345.50000000000000        3.4643404224743395E-211
   346.00000000000000        1.2323002858332312E-212
   346.50000000000000        4.3393421995036157E-214
   347.00000000000000        1.5126707303370014E-215
   347.50000000000000        5.2201119998372010E-217
   348.00000000000000        1.7833306922313624E-218
   348.50000000000000        6.0311800731321994E-220
   349.00000000000000        2.0192622642964290E-221
   349.50000000000000        6.6927535348651069E-223
   350.00000000000000        2.1960398787656369E-224
   350.50000000000000        7.1334642871896158E-226
   351.00000000000000        2.2939671965965169E-227
   351.50000000000000        7.3030100073304834E-229
   352.00000000000000        2.3016860214540271E-230
   352.50000000000000        7.1816004920471322E-232
   353.00000000000000        2.2183437317921875E-233
   353.50000000000000        6.7837574492996327E-235
   354.00000000000000        2.0537475744006828E-236
   354.50000000000000        6.1554595535885060E-238
   355.00000000000000        1.8264674111763528E-239
   355.50000000000000        5.3654078152322405E-241
   356.00000000000000        1.5603938310579378E-242
   356.50000000000000        4.4927026851905678E-244
   357.00000000000000        1.2806320535027666E-245
   357.50000000000000        3.6139782530530224E-247
   358.00000000000000        1.0097001071030129E-248
   358.50000000000000        2.7928407325524383E-250
   359.00000000000000        7.6480023996169794E-252
   359.50000000000000        2.0734763958831279E-253
   360.00000000000000        5.5654533389443935E-255
   360.50000000000000        1.4789499614723133E-256
   361.00000000000000        3.8909799497591666E-258
   361.50000000000000        1.0134869403334900E-259
   362.00000000000000        2.6135572963177712E-261
   362.50000000000000        6.6727005019793281E-263
   363.00000000000000        1.6866617321358539E-264
   363.50000000000000        4.2209683689791858E-266
   364.00000000000000        1.0458151441679941E-267
   364.50000000000000        2.5654138488631369E-269
   365.00000000000000        6.2304664447983110E-271
   365.50000000000000        1.4981152547926176E-272
   366.00000000000000        3.5664187293444059E-274
   366.50000000000000        8.4058718087229738E-276
   367.00000000000000        1.9615409797232937E-277
   367.50000000000000        4.5318659038412732E-279
   368.00000000000000        1.0366271778278782E-280
   368.50000000000000        2.3476579532122646E-282
   369.00000000000000        5.2639837900259120E-284
   369.50000000000000        1.1685910032009256E-285
   370.00000000000000        2.5685000261689961E-287
   370.50000000000000        5.5894156004709670E-289
   371.00000000000000        1.2042696984842765E-290
   371.50000000000000        2.5689305486388802E-292
   372.00000000000000        5.4256643190643777E-294
   372.50000000000000        1.1345564834283922E-295
   373.00000000000000        2.3489438850899654E-297
   373.50000000000000        4.8149650764860684E-299
   374.00000000000000        9.7721082077616645E-301
   374.50000000000000        1.9636254479169836E-302
   375.00000000000000        3.9066536802333224E-304
   375.50000000000000        7.6953372317321090E-306
   376.00000000000000        1.5008160758024294E-307
   376.50000000000000        2.8980437681001228E-309
   377.00000000000000        5.5406488027107079E-311
   377.50000000000000        1.0488057835190740E-312
   378.00000000000000        1.9656620329020309E-314
   378.50000000000000        3.6475684333368734E-316
   379.00000000000000        6.7023858570402655E-318
   379.50000000000000        1.2268638117529834E-319
   380.00000000000000        2.9199279669217671E-321
   380.50000000000000        7.0157321709457009E-322
   381.00000000000000        5.9287877500949585E-322
   381.50000000000000        5.1876892813330887E-322
   382.00000000000000        4.4959973771553436E-322
   382.50000000000000        3.8537120375617230E-322
   383.00000000000000        3.2608332625522272E-322
   383.50000000000000        2.7173610521268560E-322
   384.00000000000000        2.2232954062856094E-322
   384.50000000000000        1.7786363250284876E-322
   385.00000000000000        1.3833838083554903E-322
   385.50000000000000        1.0375378562666177E-322
   386.00000000000000        7.4109846876186982E-323
   386.50000000000000        4.9406564584124654E-323
   387.00000000000000        2.9643938750474793E-323
   387.50000000000000        1.4821969375237396E-323
   388.00000000000000        4.9406564584124654E-324
   388.50000000000000        0.0000000000000000     
   389.00000000000000        0.0000000000000000     
   389.50000000000000        0.0000000000000000     
   390.00000000000000        0.0000000000000000     
   390.50000000000000        0.0000000000000000     
   391.00000000000000        0.0000000000000000     
   391.50000000000000        0.0000000000000000     
   392.00000000000000        0.0000000000000000     
   392.50000000000000        0.0000000000000000     
   393.00000000000000        0.0000000000000000     
   393.50000000000000        0.0000000000000000     
   394.00000000000000        0.0000000000000000     
   394.50000000000000        0.0000000000000000     
   395.00000000000000        0.0000000000000000     
   395.50000000000000        0.0000000000000000     
   396.00000000000000        0.0000000000000000     
   396.50000000000000        0.0000000000000000     
   397.00000000000000        0.0000000000000000     
   397.50000000000000        0.0000000000000000     
   398.00000000000000        0.0000000000000000     
   398.50000000000000        0.0000000000000000     
   399.00000000000000        0.0000000000000000     
   399.50000000000000        0.0000000000000000     
   400.00000000000000        0.0000000000000000     
   400.50000000000000        0.0000000000000000     
   401.00000000000000        0.0000000000000000     
   401.50000000000000        0.0000000000000000     
   402.00000000000000        0.0000000000000000     
   402.50000000000000        0.0000000000000000     
   403.00000000000000        0.0000000000000000     
   403.50000000000000        0.0000000000000000     
   404.00000000000000        0.0000000000000000     
   404.50000000000000        0.0000000000000000     
   405.00000000000000        0.0000000000000000     
   405.50000000000000        0.0000000000000000     
   406.00000000000000        0.0000000000000000     
   406.50000000000000        0.0000000000000000     
   407.00000000000000        0.0000000000000000     
   407.50000000000000        0.0000000000000000     
   408.00000000000000        0.0000000000000000     
   408.50000000000000        0.0000000000000000     
   409.00000000000000        0.0000000000000000     
   409.50000000000000        0.0000000000000000     
   410.00000000000000        0.0000000000000000     
   410.50000000000000        0.0000000000000000     
   411.00000000000000        0.0000000000000000     
   411.50000000000000        0.0000000000000000     
   412.00000000000000        0.0000000000000000     
   412.50000000000000        0.0000000000000000     
   413.00000000000000        0.0000000000000000     
   413.50000000000000        0.0000000000000000     
   414.00000000000000        0.0000000000000000     
   414.50000000000000        0.0000000000000000     
   415.00000000000000        0.0000000000000000     
   415.50000000000000        0.0000000000000000     
   416.00000000000000        0.0000000000000000     
   416.50000000000000        0.0000000000000000     
   417.00000000000000        0.0000000000000000     
   417.50000000000000        0.0000000000000000     
   418.00000000000000        0.0000000000000000     
   418.50000000000000        0.0000000000000000     
   419.00000000000000        0.0000000000000000     
   419.50000000000000        0.0000000000000000     
   420.00000000000000        0.0000000000000000     
   420.50000000000000        0.0000000000000000     
   421.00000000000000        0.0000000000000000     
   421.50000000000000        0.0000000000000000     
   422.00000000000000        0.0000000000000000     
   422.50000000000000        0.0000000000000000     
   423.00000000000000        0.0000000000000000     
   423.50000000000000        0.0000000000000000     
   424.00000000000000        0.0000000000000000     
   424.50000000000000        0.0000000000000000     
   425.00000000000000        0.0000000000000000     
   425.50000000000000        0.0000000000000000     
   426.00000000000000        0.0000000000000000     
   426.50000000000000        0.0000000000000000     
   427.00000000000000        0.0000000000000000     
   427.50000000000000        0.0000000000000000     
   428.00000000000000        0.0000000000000000     
   428.50000000000000        0.0000000000000000     
   429.00000000000000        0.0000000000000000     
   429.50000000000000        0.0000000000000000     
   430.00000000000000        0.0000000000000000     
   430.50000000000000        0.0000000000000000     
   431.00000000000000        0.0000000000000000     
   431.50000000000000        0.0000000000000000     
   432.00000000000000        0.0000000000000000     
   432.50000000000000        0.0000000000000000     
   433.00000000000000        0.0000000000000000     
   433.50000000000000        0.0000000000000000     
   434.00000000000000        0.0000000000000000     
   434.50000000000000        0.0000000000000000     
   435.00000000000000        0.0000000000000000     
   435.50000000000000        0.0000000000000000     
   436.00000000000000        0.0000000000000000     
   436.50000000000000        0.0000000000000000     
   437.00000000000000        0.0000000000000000     
   437.50000000000000        0.0000000000000000     
   438.00000000000000        0.0000000000000000     
   438.50000000000000        0.0000000000000000     
   439.00000000000000        0.0000000000000000     
   439.50000000000000        0.0000000000000000     
   440.00000000000000        0.0000000000000000     
   440.50000000000000        0.0000000000000000     
   441.00000000000000        0.0000000000000000     
   441.50000000000000        0.0000000000000000     
   442.00000000000000        0.0000000000000000     
   442.50000000000000        0.0000000000000000     
   443.00000000000000        0.0000000000000000     
   443.50000000000000        0.0000000000000000     
   444.00000000000000        0.0000000000000000     
   444.50000000000000        0.0000000000000000     
   445.00000000000000        0.0000000000000000     
   445.50000000000000        0.0000000000000000     
   446.00000000000000        0.0000000000000000     
   446.50000000000000        0.0000000000000000     
   447.00000000000000        0.0000000000000000     
   447.50000000000000        0.0000000000000000     
   448.00000000000000        0.0000000000000000     
   448.50000000000000        0.0000000000000000     
   449.00000000000000        0.0000000000000000     
   449.50000000000000        0.0000000000000000     
   450.00000000000000        0.0000000000000000     
   450.50000000000000        0.0000000000000000     
   451.00000000000000        0.0000000000000000     
   451.50000000000000        0.0000000000000000     
   452.00000000000000        0.0000000000000000     
   452.50000000000000        0.0000000000000000     
   453.00000000000000        0.0000000000000000     
   453.50000000000000        0.0000000000000000     
   454.00000000000000        0.0000000000000000     
   454.50000000000000        0.0000000000000000     
   455.00000000000000        0.0000000000000000     
   455.50000000000000        0.0000000000000000     
   456.00000000000000        0.0000000000000000     
   456.50000000000000        0.0000000000000000     
   457.00000000000000        0.0000000000000000     
   457.50000000000000        0.0000000000000000     
   458.00000000000000        0.0000000000000000     
   458.50000000000000        0.0000000000000000     
   459.00000000000000        0.0000000000000000     
   459.50000000000000        0.0000000000000000     
   460.00000000000000        0.0000000000000000     
   460.50000000000000        0.0000000000000000     
   461.00000000000000        0.0000000000000000     
   461.50000000000000        0.0000000000000000     
   462.00000000000000        0.0000000000000000     
   462.50000000000000        0.0000000000000000     
   463.00000000000000        0.0000000000000000     
   463.50000000000000        0.0000000000000000     
   464.00000000000000        0.0000000000000000     
   464.50000000000000        0.0000000000000000     
   465.00000000000000        0.0000000000000000     
   465.50000000000000        0.0000000000000000     
   466.00000000000000        0.0000000000000000     
   466.50000000000000        0.0000000000000000     
   467.00000000000000        0.0000000000000000     
   467.50000000000000        0.0000000000000000     
   468.00000000000000        0.0000000000000000     
   468.50000000000000        0.0000000000000000     
   469.00000000000000        0.0000000000000000     
   469.50000000000000        0.0000000000000000     
   470.00000000000000        0.0000000000000000     
   470.50000000000000        0.0000000000000000     
   471.00000000000000        0.0000000000000000     
   471.50000000000000        0.0000000000000000     
   472.00000000000000        0.0000000000000000     
   472.50000000000000        0.0000000000000000     
   473.00000000000000        0.0000000000000000     
   473.50000000000000        0.0000000000000000     
   474.00000000000000        0.0000000000000000     
   474.50000000000000        0.0000000000000000     
   475.00000000000000        0.0000000000000000     
   475.50000000000000        0.0000000000000000     
   476.00000000000000        0.0000000000000000     
   476.50000000000000        0.0000000000000000     
   477.00000000000000        0.0000000000000000     
   477.50000000000000        0.0000000000000000     
   478.00000000000000        0.0000000000000000     
   478.50000000000000        0.0000000000000000     
   479.00000000000000        0.0000000000000000     
   479.50000000000000        0.0000000000000000     
   480.00000000000000        0.0000000000000000     
   480.50000000000000        0.0000000000000000     
   481.00000000000000        0.0000000000000000     
   481.50000000000000        0.0000000000000000     
   482.00000000000000        0.0000000000000000     
   482.50000000000000        0.0000000000000000     
   483.00000000000000        0.0000000000000000     
   483.50000000000000        0.0000000000000000     
   484.00000000000000        0.0000000000000000     
   484.50000000000000        0.0000000000000000     
   485.00000000000000        0.0000000000000000     
   485.50000000000000        0.0000000000000000     
   486.00000000000000        0.0000000000000000     
   486.50000000000000        0.0000000000000000     
   487.00000000000000        0.0000000000000000     
   487.50000000000000        0.0000000000000000     
   488.00000000000000        0.0000000000000000     
   488.50000000000000        0.0000000000000000     
   489.00000000000000        0.0000000000000000     
   489.50000000000000        0.0000000000000000     
   490.00000000000000        0.0000000000000000     
   490.50000000000000        0.0000000000000000     
   491.00000000000000        0.0000000000000000     
   491.50000000000000        0.0000000000000000     
   492.00000000000000        0.0000000000000000     
   492.50000000000000        0.0000000000000000     
   493.00000000000000        0.0000000000000000     
   493.50000000000000        0.0000000000000000     
   494.00000000000000        0.0000000000000000     
   494.50000000000000        0.0000000000000000     
   495.00000000000000        0.0000000000000000     
   495.50000000000000        0.0000000000000000     
   496.00000000000000        0.0000000000000000     
   496.50000000000000        0.0000000000000000     
   497.00000000000000        0.0000000000000000     
   497.50000000000000        0.0000000000000000     
   498.00000000000000        0.0000000000000000     
   498.50000000000000        0.0000000000000000     
   499.00000000000000        0.0000000000000000     
   499.50000000000000        0.0000000000000000     
   500.00000000000000        0.0000000000000000     
